n: (0.0000, 1.0000, 0.0000)			uv: (0.0000, 1.0000)
n: (0.0000, 0.9808, 0.1951)			uv: (0.0000, 0.8750)
n: (0.1951, 0.9808, 0.0000)			uv: (0.1250, 0.8750)
n: (0.0000, 0.9808, 0.1951)			uv: (0.0000, 0.8750)
n: (0.0000, 0.9239, 0.3827)			uv: (0.0000, 0.7500)
n: (0.1988, 0.9597, 0.1988)			uv: (0.1274, 0.8186)
n: (0.1951, 0.9808, 0.0000)			uv: (0.1250, 0.8750)
n: (0.0000, 0.9808, 0.1951)			uv: (0.0000, 0.8750)
n: (0.1988, 0.9597, 0.1988)			uv: (0.1274, 0.8186)
n: (0.1951, 0.9808, 0.0000)			uv: (0.1250, 0.8750)
n: (0.1988, 0.9597, 0.1988)			uv: (0.1274, 0.8186)
n: (0.3827, 0.9239, 0.0000)			uv: (0.2500, 0.7500)
n: (0.0000, 0.9239, 0.3827)			uv: (0.0000, 0.7500)
n: (0.0000, 0.8315, 0.5556)			uv: (0.0000, 0.6250)
n: (0.2088, 0.8903, 0.4046)			uv: (0.1339, 0.6990)
n: (0.0000, 0.8315, 0.5556)			uv: (0.0000, 0.6250)
n: (0.0000, 0.7071, 0.7071)			uv: (0.0000, 0.5000)
n: (0.2113, 0.7887, 0.5774)			uv: (0.1356, 0.5785)
n: (0.2088, 0.8903, 0.4046)			uv: (0.1339, 0.6990)
n: (0.0000, 0.8315, 0.5556)			uv: (0.0000, 0.6250)
n: (0.2113, 0.7887, 0.5774)			uv: (0.1356, 0.5785)
n: (0.2088, 0.8903, 0.4046)			uv: (0.1339, 0.6990)
n: (0.2113, 0.7887, 0.5774)			uv: (0.1356, 0.5785)
n: (0.4082, 0.8165, 0.4082)			uv: (0.2677, 0.6082)
n: (0.3827, 0.9239, 0.0000)			uv: (0.2500, 0.7500)
n: (0.1988, 0.9597, 0.1988)			uv: (0.1274, 0.8186)
n: (0.4046, 0.8903, 0.2088)			uv: (0.2652, 0.6990)
n: (0.1988, 0.9597, 0.1988)			uv: (0.1274, 0.8186)
n: (0.0000, 0.9239, 0.3827)			uv: (0.0000, 0.7500)
n: (0.2088, 0.8903, 0.4046)			uv: (0.1339, 0.6990)
n: (0.4046, 0.8903, 0.2088)			uv: (0.2652, 0.6990)
n: (0.1988, 0.9597, 0.1988)			uv: (0.1274, 0.8186)
n: (0.2088, 0.8903, 0.4046)			uv: (0.1339, 0.6990)
n: (0.4046, 0.8903, 0.2088)			uv: (0.2652, 0.6990)
n: (0.2088, 0.8903, 0.4046)			uv: (0.1339, 0.6990)
n: (0.4082, 0.8165, 0.4082)			uv: (0.2677, 0.6082)
n: (0.3827, 0.9239, 0.0000)			uv: (0.2500, 0.7500)
n: (0.4046, 0.8903, 0.2088)			uv: (0.2652, 0.6990)
n: (0.5556, 0.8315, 0.0000)			uv: (0.3750, 0.6250)
n: (0.4046, 0.8903, 0.2088)			uv: (0.2652, 0.6990)
n: (0.4082, 0.8165, 0.4082)			uv: (0.2677, 0.6082)
n: (0.5774, 0.7887, 0.2113)			uv: (0.3918, 0.5785)
n: (0.5556, 0.8315, 0.0000)			uv: (0.3750, 0.6250)
n: (0.4046, 0.8903, 0.2088)			uv: (0.2652, 0.6990)
n: (0.5774, 0.7887, 0.2113)			uv: (0.3918, 0.5785)
n: (0.5556, 0.8315, 0.0000)			uv: (0.3750, 0.6250)
n: (0.5774, 0.7887, 0.2113)			uv: (0.3918, 0.5785)
n: (0.7071, 0.7071, 0.0000)			uv: (0.5000, 0.5000)
n: (0.0000, 0.7071, 0.7071)			uv: (0.0000, 0.5000)
n: (0.0000, 0.5556, 0.8315)			uv: (0.0000, 0.3750)
n: (0.2113, 0.5774, 0.7887)			uv: (0.1356, 0.3918)
n: (0.0000, 0.5556, 0.8315)			uv: (0.0000, 0.3750)
n: (0.0000, 0.3827, 0.9239)			uv: (0.0000, 0.2500)
n: (0.2088, 0.4046, 0.8903)			uv: (0.1339, 0.2652)
n: (0.2113, 0.5774, 0.7887)			uv: (0.1356, 0.3918)
n: (0.0000, 0.5556, 0.8315)			uv: (0.0000, 0.3750)
n: (0.2088, 0.4046, 0.8903)			uv: (0.1339, 0.2652)
n: (0.2113, 0.5774, 0.7887)			uv: (0.1356, 0.3918)
n: (0.2088, 0.4046, 0.8903)			uv: (0.1339, 0.2652)
n: (0.4082, 0.4082, 0.8165)			uv: (0.2677, 0.2677)
n: (0.0000, 0.3827, 0.9239)			uv: (0.0000, 0.2500)
n: (0.0000, 0.1951, 0.9808)			uv: (0.0000, 0.1250)
n: (0.1988, 0.1988, 0.9597)			uv: (0.1274, 0.1274)
n: (0.0000, 0.1951, 0.9808)			uv: (0.0000, 0.1250)
n: (0.0000, 0.0000, 1.0000)			uv: (0.0000, 0.0000)
n: (0.1951, 0.0000, 0.9808)			uv: (0.1250, 0.0000)
n: (0.1988, 0.1988, 0.9597)			uv: (0.1274, 0.1274)
n: (0.0000, 0.1951, 0.9808)			uv: (0.0000, 0.1250)
n: (0.1951, 0.0000, 0.9808)			uv: (0.1250, 0.0000)
n: (0.1988, 0.1988, 0.9597)			uv: (0.1274, 0.1274)
n: (0.1951, 0.0000, 0.9808)			uv: (0.1250, 0.0000)
n: (0.3827, 0.0000, 0.9239)			uv: (0.2500, 0.0000)
n: (0.4082, 0.4082, 0.8165)			uv: (0.2677, 0.2677)
n: (0.2088, 0.4046, 0.8903)			uv: (0.1339, 0.2652)
n: (0.4046, 0.2088, 0.8903)			uv: (0.2652, 0.1339)
n: (0.2088, 0.4046, 0.8903)			uv: (0.1339, 0.2652)
n: (0.0000, 0.3827, 0.9239)			uv: (0.0000, 0.2500)
n: (0.1988, 0.1988, 0.9597)			uv: (0.1274, 0.1274)
n: (0.4046, 0.2088, 0.8903)			uv: (0.2652, 0.1339)
n: (0.2088, 0.4046, 0.8903)			uv: (0.1339, 0.2652)
n: (0.1988, 0.1988, 0.9597)			uv: (0.1274, 0.1274)
n: (0.4046, 0.2088, 0.8903)			uv: (0.2652, 0.1339)
n: (0.1988, 0.1988, 0.9597)			uv: (0.1274, 0.1274)
n: (0.3827, 0.0000, 0.9239)			uv: (0.2500, 0.0000)
n: (0.4082, 0.4082, 0.8165)			uv: (0.2677, 0.2677)
n: (0.4046, 0.2088, 0.8903)			uv: (0.2652, 0.1339)
n: (0.5774, 0.2113, 0.7887)			uv: (0.3918, 0.1356)
n: (0.4046, 0.2088, 0.8903)			uv: (0.2652, 0.1339)
n: (0.3827, 0.0000, 0.9239)			uv: (0.2500, 0.0000)
n: (0.5556, 0.0000, 0.8315)			uv: (0.3750, 0.0000)
n: (0.5774, 0.2113, 0.7887)			uv: (0.3918, 0.1356)
n: (0.4046, 0.2088, 0.8903)			uv: (0.2652, 0.1339)
n: (0.5556, 0.0000, 0.8315)			uv: (0.3750, 0.0000)
n: (0.5774, 0.2113, 0.7887)			uv: (0.3918, 0.1356)
n: (0.5556, 0.0000, 0.8315)			uv: (0.3750, 0.0000)
n: (0.7071, 0.0000, 0.7071)			uv: (0.5000, 0.0000)
n: (0.7071, 0.7071, 0.0000)			uv: (0.5000, 0.5000)
n: (0.5774, 0.7887, 0.2113)			uv: (0.3918, 0.5785)
n: (0.7887, 0.5774, 0.2113)			uv: (0.5785, 0.3918)
n: (0.5774, 0.7887, 0.2113)			uv: (0.3918, 0.5785)
n: (0.4082, 0.8165, 0.4082)			uv: (0.2677, 0.6082)
n: (0.6396, 0.6396, 0.4264)			uv: (0.4418, 0.4418)
n: (0.7887, 0.5774, 0.2113)			uv: (0.5785, 0.3918)
n: (0.5774, 0.7887, 0.2113)			uv: (0.3918, 0.5785)
n: (0.6396, 0.6396, 0.4264)			uv: (0.4418, 0.4418)
n: (0.7887, 0.5774, 0.2113)			uv: (0.5785, 0.3918)
n: (0.6396, 0.6396, 0.4264)			uv: (0.4418, 0.4418)
n: (0.8165, 0.4082, 0.4082)			uv: (0.6082, 0.2677)
n: (0.4082, 0.8165, 0.4082)			uv: (0.2677, 0.6082)
n: (0.2113, 0.7887, 0.5774)			uv: (0.1356, 0.5785)
n: (0.4264, 0.6396, 0.6396)			uv: (0.2804, 0.4418)
n: (0.2113, 0.7887, 0.5774)			uv: (0.1356, 0.5785)
n: (0.0000, 0.7071, 0.7071)			uv: (0.0000, 0.5000)
n: (0.2113, 0.5774, 0.7887)			uv: (0.1356, 0.3918)
n: (0.4264, 0.6396, 0.6396)			uv: (0.2804, 0.4418)
n: (0.2113, 0.7887, 0.5774)			uv: (0.1356, 0.5785)
n: (0.2113, 0.5774, 0.7887)			uv: (0.1356, 0.3918)
n: (0.4264, 0.6396, 0.6396)			uv: (0.2804, 0.4418)
n: (0.2113, 0.5774, 0.7887)			uv: (0.1356, 0.3918)
n: (0.4082, 0.4082, 0.8165)			uv: (0.2677, 0.2677)
n: (0.8165, 0.4082, 0.4082)			uv: (0.6082, 0.2677)
n: (0.6396, 0.6396, 0.4264)			uv: (0.4418, 0.4418)
n: (0.6396, 0.4264, 0.6396)			uv: (0.4418, 0.2804)
n: (0.6396, 0.6396, 0.4264)			uv: (0.4418, 0.4418)
n: (0.4082, 0.8165, 0.4082)			uv: (0.2677, 0.6082)
n: (0.4264, 0.6396, 0.6396)			uv: (0.2804, 0.4418)
n: (0.6396, 0.4264, 0.6396)			uv: (0.4418, 0.2804)
n: (0.6396, 0.6396, 0.4264)			uv: (0.4418, 0.4418)
n: (0.4264, 0.6396, 0.6396)			uv: (0.2804, 0.4418)
n: (0.6396, 0.4264, 0.6396)			uv: (0.4418, 0.2804)
n: (0.4264, 0.6396, 0.6396)			uv: (0.2804, 0.4418)
n: (0.4082, 0.4082, 0.8165)			uv: (0.2677, 0.2677)
n: (0.8165, 0.4082, 0.4082)			uv: (0.6082, 0.2677)
n: (0.6396, 0.4264, 0.6396)			uv: (0.4418, 0.2804)
n: (0.7887, 0.2113, 0.5774)			uv: (0.5785, 0.1356)
n: (0.6396, 0.4264, 0.6396)			uv: (0.4418, 0.2804)
n: (0.4082, 0.4082, 0.8165)			uv: (0.2677, 0.2677)
n: (0.5774, 0.2113, 0.7887)			uv: (0.3918, 0.1356)
n: (0.7887, 0.2113, 0.5774)			uv: (0.5785, 0.1356)
n: (0.6396, 0.4264, 0.6396)			uv: (0.4418, 0.2804)
n: (0.5774, 0.2113, 0.7887)			uv: (0.3918, 0.1356)
n: (0.7887, 0.2113, 0.5774)			uv: (0.5785, 0.1356)
n: (0.5774, 0.2113, 0.7887)			uv: (0.3918, 0.1356)
n: (0.7071, 0.0000, 0.7071)			uv: (0.5000, 0.0000)
n: (0.7071, 0.7071, 0.0000)			uv: (0.5000, 0.5000)
n: (0.7887, 0.5774, 0.2113)			uv: (0.5785, 0.3918)
n: (0.8315, 0.5556, 0.0000)			uv: (0.6250, 0.3750)
n: (0.7887, 0.5774, 0.2113)			uv: (0.5785, 0.3918)
n: (0.8165, 0.4082, 0.4082)			uv: (0.6082, 0.2677)
n: (0.8903, 0.4046, 0.2088)			uv: (0.6990, 0.2652)
n: (0.8315, 0.5556, 0.0000)			uv: (0.6250, 0.3750)
n: (0.7887, 0.5774, 0.2113)			uv: (0.5785, 0.3918)
n: (0.8903, 0.4046, 0.2088)			uv: (0.6990, 0.2652)
n: (0.8315, 0.5556, 0.0000)			uv: (0.6250, 0.3750)
n: (0.8903, 0.4046, 0.2088)			uv: (0.6990, 0.2652)
n: (0.9239, 0.3827, 0.0000)			uv: (0.7500, 0.2500)
n: (0.8165, 0.4082, 0.4082)			uv: (0.6082, 0.2677)
n: (0.7887, 0.2113, 0.5774)			uv: (0.5785, 0.1356)
n: (0.8903, 0.2088, 0.4046)			uv: (0.6990, 0.1339)
n: (0.7887, 0.2113, 0.5774)			uv: (0.5785, 0.1356)
n: (0.7071, 0.0000, 0.7071)			uv: (0.5000, 0.0000)
n: (0.8315, 0.0000, 0.5556)			uv: (0.6250, 0.0000)
n: (0.8903, 0.2088, 0.4046)			uv: (0.6990, 0.1339)
n: (0.7887, 0.2113, 0.5774)			uv: (0.5785, 0.1356)
n: (0.8315, 0.0000, 0.5556)			uv: (0.6250, 0.0000)
n: (0.8903, 0.2088, 0.4046)			uv: (0.6990, 0.1339)
n: (0.8315, 0.0000, 0.5556)			uv: (0.6250, 0.0000)
n: (0.9239, 0.0000, 0.3827)			uv: (0.7500, 0.0000)
n: (0.9239, 0.3827, 0.0000)			uv: (0.7500, 0.2500)
n: (0.8903, 0.4046, 0.2088)			uv: (0.6990, 0.2652)
n: (0.9597, 0.1988, 0.1988)			uv: (0.8186, 0.1274)
n: (0.8903, 0.4046, 0.2088)			uv: (0.6990, 0.2652)
n: (0.8165, 0.4082, 0.4082)			uv: (0.6082, 0.2677)
n: (0.8903, 0.2088, 0.4046)			uv: (0.6990, 0.1339)
n: (0.9597, 0.1988, 0.1988)			uv: (0.8186, 0.1274)
n: (0.8903, 0.4046, 0.2088)			uv: (0.6990, 0.2652)
n: (0.8903, 0.2088, 0.4046)			uv: (0.6990, 0.1339)
n: (0.9597, 0.1988, 0.1988)			uv: (0.8186, 0.1274)
n: (0.8903, 0.2088, 0.4046)			uv: (0.6990, 0.1339)
n: (0.9239, 0.0000, 0.3827)			uv: (0.7500, 0.0000)
n: (0.9239, 0.3827, 0.0000)			uv: (0.7500, 0.2500)
n: (0.9597, 0.1988, 0.1988)			uv: (0.8186, 0.1274)
n: (0.9808, 0.1951, 0.0000)			uv: (0.8750, 0.1250)
n: (0.9597, 0.1988, 0.1988)			uv: (0.8186, 0.1274)
n: (0.9239, 0.0000, 0.3827)			uv: (0.7500, 0.0000)
n: (0.9808, 0.0000, 0.1951)			uv: (0.8750, 0.0000)
n: (0.9808, 0.1951, 0.0000)			uv: (0.8750, 0.1250)
n: (0.9597, 0.1988, 0.1988)			uv: (0.8186, 0.1274)
n: (0.9808, 0.0000, 0.1951)			uv: (0.8750, 0.0000)
n: (0.9808, 0.1951, 0.0000)			uv: (0.8750, 0.1250)
n: (0.9808, 0.0000, 0.1951)			uv: (0.8750, 0.0000)
n: (1.0000, 0.0000, 0.0000)			uv: (1.0000, 0.0000)
n: (-1.0000, 0.0000, 0.0000)			uv: (1.0000, 0.0000)
n: (-0.9808, 0.0000, 0.1951)			uv: (0.8750, 0.0000)
n: (-0.9808, 0.1951, 0.0000)			uv: (0.8750, 0.1250)
n: (-0.9808, 0.0000, 0.1951)			uv: (0.8750, 0.0000)
n: (-0.9239, 0.0000, 0.3827)			uv: (0.7500, 0.0000)
n: (-0.9597, 0.1988, 0.1988)			uv: (0.8186, 0.1274)
n: (-0.9808, 0.1951, 0.0000)			uv: (0.8750, 0.1250)
n: (-0.9808, 0.0000, 0.1951)			uv: (0.8750, 0.0000)
n: (-0.9597, 0.1988, 0.1988)			uv: (0.8186, 0.1274)
n: (-0.9808, 0.1951, 0.0000)			uv: (0.8750, 0.1250)
n: (-0.9597, 0.1988, 0.1988)			uv: (0.8186, 0.1274)
n: (-0.9239, 0.3827, 0.0000)			uv: (0.7500, 0.2500)
n: (-0.9239, 0.0000, 0.3827)			uv: (0.7500, 0.0000)
n: (-0.8315, 0.0000, 0.5556)			uv: (0.6250, 0.0000)
n: (-0.8903, 0.2088, 0.4046)			uv: (0.6990, 0.1339)
n: (-0.8315, 0.0000, 0.5556)			uv: (0.6250, 0.0000)
n: (-0.7071, 0.0000, 0.7071)			uv: (0.5000, 0.0000)
n: (-0.7887, 0.2113, 0.5774)			uv: (0.5785, 0.1356)
n: (-0.8903, 0.2088, 0.4046)			uv: (0.6990, 0.1339)
n: (-0.8315, 0.0000, 0.5556)			uv: (0.6250, 0.0000)
n: (-0.7887, 0.2113, 0.5774)			uv: (0.5785, 0.1356)
n: (-0.8903, 0.2088, 0.4046)			uv: (0.6990, 0.1339)
n: (-0.7887, 0.2113, 0.5774)			uv: (0.5785, 0.1356)
n: (-0.8165, 0.4082, 0.4082)			uv: (0.6082, 0.2677)
n: (-0.9239, 0.3827, 0.0000)			uv: (0.7500, 0.2500)
n: (-0.9597, 0.1988, 0.1988)			uv: (0.8186, 0.1274)
n: (-0.8903, 0.4046, 0.2088)			uv: (0.6990, 0.2652)
n: (-0.9597, 0.1988, 0.1988)			uv: (0.8186, 0.1274)
n: (-0.9239, 0.0000, 0.3827)			uv: (0.7500, 0.0000)
n: (-0.8903, 0.2088, 0.4046)			uv: (0.6990, 0.1339)
n: (-0.8903, 0.4046, 0.2088)			uv: (0.6990, 0.2652)
n: (-0.9597, 0.1988, 0.1988)			uv: (0.8186, 0.1274)
n: (-0.8903, 0.2088, 0.4046)			uv: (0.6990, 0.1339)
n: (-0.8903, 0.4046, 0.2088)			uv: (0.6990, 0.2652)
n: (-0.8903, 0.2088, 0.4046)			uv: (0.6990, 0.1339)
n: (-0.8165, 0.4082, 0.4082)			uv: (0.6082, 0.2677)
n: (-0.9239, 0.3827, 0.0000)			uv: (0.7500, 0.2500)
n: (-0.8903, 0.4046, 0.2088)			uv: (0.6990, 0.2652)
n: (-0.8315, 0.5556, 0.0000)			uv: (0.6250, 0.3750)
n: (-0.8903, 0.4046, 0.2088)			uv: (0.6990, 0.2652)
n: (-0.8165, 0.4082, 0.4082)			uv: (0.6082, 0.2677)
n: (-0.7887, 0.5774, 0.2113)			uv: (0.5785, 0.3918)
n: (-0.8315, 0.5556, 0.0000)			uv: (0.6250, 0.3750)
n: (-0.8903, 0.4046, 0.2088)			uv: (0.6990, 0.2652)
n: (-0.7887, 0.5774, 0.2113)			uv: (0.5785, 0.3918)
n: (-0.8315, 0.5556, 0.0000)			uv: (0.6250, 0.3750)
n: (-0.7887, 0.5774, 0.2113)			uv: (0.5785, 0.3918)
n: (-0.7071, 0.7071, 0.0000)			uv: (0.5000, 0.5000)
n: (-0.7071, 0.0000, 0.7071)			uv: (0.5000, 0.0000)
n: (-0.5556, 0.0000, 0.8315)			uv: (0.3750, 0.0000)
n: (-0.5774, 0.2113, 0.7887)			uv: (0.3918, 0.1356)
n: (-0.5556, 0.0000, 0.8315)			uv: (0.3750, 0.0000)
n: (-0.3827, 0.0000, 0.9239)			uv: (0.2500, 0.0000)
n: (-0.4046, 0.2088, 0.8903)			uv: (0.2652, 0.1339)
n: (-0.5774, 0.2113, 0.7887)			uv: (0.3918, 0.1356)
n: (-0.5556, 0.0000, 0.8315)			uv: (0.3750, 0.0000)
n: (-0.4046, 0.2088, 0.8903)			uv: (0.2652, 0.1339)
n: (-0.5774, 0.2113, 0.7887)			uv: (0.3918, 0.1356)
n: (-0.4046, 0.2088, 0.8903)			uv: (0.2652, 0.1339)
n: (-0.4082, 0.4082, 0.8165)			uv: (0.2677, 0.2677)
n: (-0.3827, 0.0000, 0.9239)			uv: (0.2500, 0.0000)
n: (-0.1951, 0.0000, 0.9808)			uv: (0.1250, 0.0000)
n: (-0.1988, 0.1988, 0.9597)			uv: (0.1274, 0.1274)
n: (-0.1951, 0.0000, 0.9808)			uv: (0.1250, 0.0000)
n: (0.0000, 0.0000, 1.0000)			uv: (0.0000, 0.0000)
n: (0.0000, 0.1951, 0.9808)			uv: (0.0000, 0.1250)
n: (-0.1988, 0.1988, 0.9597)			uv: (0.1274, 0.1274)
n: (-0.1951, 0.0000, 0.9808)			uv: (0.1250, 0.0000)
n: (0.0000, 0.1951, 0.9808)			uv: (0.0000, 0.1250)
n: (-0.1988, 0.1988, 0.9597)			uv: (0.1274, 0.1274)
n: (0.0000, 0.1951, 0.9808)			uv: (0.0000, 0.1250)
n: (0.0000, 0.3827, 0.9239)			uv: (0.0000, 0.2500)
n: (-0.4082, 0.4082, 0.8165)			uv: (0.2677, 0.2677)
n: (-0.4046, 0.2088, 0.8903)			uv: (0.2652, 0.1339)
n: (-0.2088, 0.4046, 0.8903)			uv: (0.1339, 0.2652)
n: (-0.4046, 0.2088, 0.8903)			uv: (0.2652, 0.1339)
n: (-0.3827, 0.0000, 0.9239)			uv: (0.2500, 0.0000)
n: (-0.1988, 0.1988, 0.9597)			uv: (0.1274, 0.1274)
n: (-0.2088, 0.4046, 0.8903)			uv: (0.1339, 0.2652)
n: (-0.4046, 0.2088, 0.8903)			uv: (0.2652, 0.1339)
n: (-0.1988, 0.1988, 0.9597)			uv: (0.1274, 0.1274)
n: (-0.2088, 0.4046, 0.8903)			uv: (0.1339, 0.2652)
n: (-0.1988, 0.1988, 0.9597)			uv: (0.1274, 0.1274)
n: (0.0000, 0.3827, 0.9239)			uv: (0.0000, 0.2500)
n: (-0.4082, 0.4082, 0.8165)			uv: (0.2677, 0.2677)
n: (-0.2088, 0.4046, 0.8903)			uv: (0.1339, 0.2652)
n: (-0.2113, 0.5774, 0.7887)			uv: (0.1356, 0.3918)
n: (-0.2088, 0.4046, 0.8903)			uv: (0.1339, 0.2652)
n: (0.0000, 0.3827, 0.9239)			uv: (0.0000, 0.2500)
n: (0.0000, 0.5556, 0.8315)			uv: (0.0000, 0.3750)
n: (-0.2113, 0.5774, 0.7887)			uv: (0.1356, 0.3918)
n: (-0.2088, 0.4046, 0.8903)			uv: (0.1339, 0.2652)
n: (0.0000, 0.5556, 0.8315)			uv: (0.0000, 0.3750)
n: (-0.2113, 0.5774, 0.7887)			uv: (0.1356, 0.3918)
n: (0.0000, 0.5556, 0.8315)			uv: (0.0000, 0.3750)
n: (0.0000, 0.7071, 0.7071)			uv: (0.0000, 0.5000)
n: (-0.7071, 0.7071, 0.0000)			uv: (0.5000, 0.5000)
n: (-0.7887, 0.5774, 0.2113)			uv: (0.5785, 0.3918)
n: (-0.5774, 0.7887, 0.2113)			uv: (0.3918, 0.5785)
n: (-0.7887, 0.5774, 0.2113)			uv: (0.5785, 0.3918)
n: (-0.8165, 0.4082, 0.4082)			uv: (0.6082, 0.2677)
n: (-0.6396, 0.6396, 0.4264)			uv: (0.4418, 0.4418)
n: (-0.5774, 0.7887, 0.2113)			uv: (0.3918, 0.5785)
n: (-0.7887, 0.5774, 0.2113)			uv: (0.5785, 0.3918)
n: (-0.6396, 0.6396, 0.4264)			uv: (0.4418, 0.4418)
n: (-0.5774, 0.7887, 0.2113)			uv: (0.3918, 0.5785)
n: (-0.6396, 0.6396, 0.4264)			uv: (0.4418, 0.4418)
n: (-0.4082, 0.8165, 0.4082)			uv: (0.2677, 0.6082)
n: (-0.8165, 0.4082, 0.4082)			uv: (0.6082, 0.2677)
n: (-0.7887, 0.2113, 0.5774)			uv: (0.5785, 0.1356)
n: (-0.6396, 0.4264, 0.6396)			uv: (0.4418, 0.2804)
n: (-0.7887, 0.2113, 0.5774)			uv: (0.5785, 0.1356)
n: (-0.7071, 0.0000, 0.7071)			uv: (0.5000, 0.0000)
n: (-0.5774, 0.2113, 0.7887)			uv: (0.3918, 0.1356)
n: (-0.6396, 0.4264, 0.6396)			uv: (0.4418, 0.2804)
n: (-0.7887, 0.2113, 0.5774)			uv: (0.5785, 0.1356)
n: (-0.5774, 0.2113, 0.7887)			uv: (0.3918, 0.1356)
n: (-0.6396, 0.4264, 0.6396)			uv: (0.4418, 0.2804)
n: (-0.5774, 0.2113, 0.7887)			uv: (0.3918, 0.1356)
n: (-0.4082, 0.4082, 0.8165)			uv: (0.2677, 0.2677)
n: (-0.4082, 0.8165, 0.4082)			uv: (0.2677, 0.6082)
n: (-0.6396, 0.6396, 0.4264)			uv: (0.4418, 0.4418)
n: (-0.4264, 0.6396, 0.6396)			uv: (0.2804, 0.4418)
n: (-0.6396, 0.6396, 0.4264)			uv: (0.4418, 0.4418)
n: (-0.8165, 0.4082, 0.4082)			uv: (0.6082, 0.2677)
n: (-0.6396, 0.4264, 0.6396)			uv: (0.4418, 0.2804)
n: (-0.4264, 0.6396, 0.6396)			uv: (0.2804, 0.4418)
n: (-0.6396, 0.6396, 0.4264)			uv: (0.4418, 0.4418)
n: (-0.6396, 0.4264, 0.6396)			uv: (0.4418, 0.2804)
n: (-0.4264, 0.6396, 0.6396)			uv: (0.2804, 0.4418)
n: (-0.6396, 0.4264, 0.6396)			uv: (0.4418, 0.2804)
n: (-0.4082, 0.4082, 0.8165)			uv: (0.2677, 0.2677)
n: (-0.4082, 0.8165, 0.4082)			uv: (0.2677, 0.6082)
n: (-0.4264, 0.6396, 0.6396)			uv: (0.2804, 0.4418)
n: (-0.2113, 0.7887, 0.5774)			uv: (0.1356, 0.5785)
n: (-0.4264, 0.6396, 0.6396)			uv: (0.2804, 0.4418)
n: (-0.4082, 0.4082, 0.8165)			uv: (0.2677, 0.2677)
n: (-0.2113, 0.5774, 0.7887)			uv: (0.1356, 0.3918)
n: (-0.2113, 0.7887, 0.5774)			uv: (0.1356, 0.5785)
n: (-0.4264, 0.6396, 0.6396)			uv: (0.2804, 0.4418)
n: (-0.2113, 0.5774, 0.7887)			uv: (0.1356, 0.3918)
n: (-0.2113, 0.7887, 0.5774)			uv: (0.1356, 0.5785)
n: (-0.2113, 0.5774, 0.7887)			uv: (0.1356, 0.3918)
n: (0.0000, 0.7071, 0.7071)			uv: (0.0000, 0.5000)
n: (-0.7071, 0.7071, 0.0000)			uv: (0.5000, 0.5000)
n: (-0.5774, 0.7887, 0.2113)			uv: (0.3918, 0.5785)
n: (-0.5556, 0.8315, 0.0000)			uv: (0.3750, 0.6250)
n: (-0.5774, 0.7887, 0.2113)			uv: (0.3918, 0.5785)
n: (-0.4082, 0.8165, 0.4082)			uv: (0.2677, 0.6082)
n: (-0.4046, 0.8903, 0.2088)			uv: (0.2652, 0.6990)
n: (-0.5556, 0.8315, 0.0000)			uv: (0.3750, 0.6250)
n: (-0.5774, 0.7887, 0.2113)			uv: (0.3918, 0.5785)
n: (-0.4046, 0.8903, 0.2088)			uv: (0.2652, 0.6990)
n: (-0.5556, 0.8315, 0.0000)			uv: (0.3750, 0.6250)
n: (-0.4046, 0.8903, 0.2088)			uv: (0.2652, 0.6990)
n: (-0.3827, 0.9239, 0.0000)			uv: (0.2500, 0.7500)
n: (-0.4082, 0.8165, 0.4082)			uv: (0.2677, 0.6082)
n: (-0.2113, 0.7887, 0.5774)			uv: (0.1356, 0.5785)
n: (-0.2088, 0.8903, 0.4046)			uv: (0.1339, 0.6990)
n: (-0.2113, 0.7887, 0.5774)			uv: (0.1356, 0.5785)
n: (0.0000, 0.7071, 0.7071)			uv: (0.0000, 0.5000)
n: (0.0000, 0.8315, 0.5556)			uv: (0.0000, 0.6250)
n: (-0.2088, 0.8903, 0.4046)			uv: (0.1339, 0.6990)
n: (-0.2113, 0.7887, 0.5774)			uv: (0.1356, 0.5785)
n: (0.0000, 0.8315, 0.5556)			uv: (0.0000, 0.6250)
n: (-0.2088, 0.8903, 0.4046)			uv: (0.1339, 0.6990)
n: (0.0000, 0.8315, 0.5556)			uv: (0.0000, 0.6250)
n: (0.0000, 0.9239, 0.3827)			uv: (0.0000, 0.7500)
n: (-0.3827, 0.9239, 0.0000)			uv: (0.2500, 0.7500)
n: (-0.4046, 0.8903, 0.2088)			uv: (0.2652, 0.6990)
n: (-0.1988, 0.9597, 0.1988)			uv: (0.1274, 0.8186)
n: (-0.4046, 0.8903, 0.2088)			uv: (0.2652, 0.6990)
n: (-0.4082, 0.8165, 0.4082)			uv: (0.2677, 0.6082)
n: (-0.2088, 0.8903, 0.4046)			uv: (0.1339, 0.6990)
n: (-0.1988, 0.9597, 0.1988)			uv: (0.1274, 0.8186)
n: (-0.4046, 0.8903, 0.2088)			uv: (0.2652, 0.6990)
n: (-0.2088, 0.8903, 0.4046)			uv: (0.1339, 0.6990)
n: (-0.1988, 0.9597, 0.1988)			uv: (0.1274, 0.8186)
n: (-0.2088, 0.8903, 0.4046)			uv: (0.1339, 0.6990)
n: (0.0000, 0.9239, 0.3827)			uv: (0.0000, 0.7500)
n: (-0.3827, 0.9239, 0.0000)			uv: (0.2500, 0.7500)
n: (-0.1988, 0.9597, 0.1988)			uv: (0.1274, 0.8186)
n: (-0.1951, 0.9808, 0.0000)			uv: (0.1250, 0.8750)
n: (-0.1988, 0.9597, 0.1988)			uv: (0.1274, 0.8186)
n: (0.0000, 0.9239, 0.3827)			uv: (0.0000, 0.7500)
n: (0.0000, 0.9808, 0.1951)			uv: (0.0000, 0.8750)
n: (-0.1951, 0.9808, 0.0000)			uv: (0.1250, 0.8750)
n: (-0.1988, 0.9597, 0.1988)			uv: (0.1274, 0.8186)
n: (0.0000, 0.9808, 0.1951)			uv: (0.0000, 0.8750)
n: (-0.1951, 0.9808, 0.0000)			uv: (0.1250, 0.8750)
n: (0.0000, 0.9808, 0.1951)			uv: (0.0000, 0.8750)
n: (0.0000, 1.0000, 0.0000)			uv: (0.0000, 1.0000)
n: (0.0000, -1.0000, 0.0000)			uv: (0.0000, 1.0000)
n: (0.0000, -0.9808, 0.1951)			uv: (0.0000, 0.8750)
n: (-0.1951, -0.9808, 0.0000)			uv: (0.1250, 0.8750)
n: (0.0000, -0.9808, 0.1951)			uv: (0.0000, 0.8750)
n: (0.0000, -0.9239, 0.3827)			uv: (0.0000, 0.7500)
n: (-0.1988, -0.9597, 0.1988)			uv: (0.1274, 0.8186)
n: (-0.1951, -0.9808, 0.0000)			uv: (0.1250, 0.8750)
n: (0.0000, -0.9808, 0.1951)			uv: (0.0000, 0.8750)
n: (-0.1988, -0.9597, 0.1988)			uv: (0.1274, 0.8186)
n: (-0.1951, -0.9808, 0.0000)			uv: (0.1250, 0.8750)
n: (-0.1988, -0.9597, 0.1988)			uv: (0.1274, 0.8186)
n: (-0.3827, -0.9239, 0.0000)			uv: (0.2500, 0.7500)
n: (0.0000, -0.9239, 0.3827)			uv: (0.0000, 0.7500)
n: (0.0000, -0.8315, 0.5556)			uv: (0.0000, 0.6250)
n: (-0.2088, -0.8903, 0.4046)			uv: (0.1339, 0.6990)
n: (0.0000, -0.8315, 0.5556)			uv: (0.0000, 0.6250)
n: (0.0000, -0.7071, 0.7071)			uv: (0.0000, 0.5000)
n: (-0.2113, -0.7887, 0.5774)			uv: (0.1356, 0.5785)
n: (-0.2088, -0.8903, 0.4046)			uv: (0.1339, 0.6990)
n: (0.0000, -0.8315, 0.5556)			uv: (0.0000, 0.6250)
n: (-0.2113, -0.7887, 0.5774)			uv: (0.1356, 0.5785)
n: (-0.2088, -0.8903, 0.4046)			uv: (0.1339, 0.6990)
n: (-0.2113, -0.7887, 0.5774)			uv: (0.1356, 0.5785)
n: (-0.4082, -0.8165, 0.4082)			uv: (0.2677, 0.6082)
n: (-0.3827, -0.9239, 0.0000)			uv: (0.2500, 0.7500)
n: (-0.1988, -0.9597, 0.1988)			uv: (0.1274, 0.8186)
n: (-0.4046, -0.8903, 0.2088)			uv: (0.2652, 0.6990)
n: (-0.1988, -0.9597, 0.1988)			uv: (0.1274, 0.8186)
n: (0.0000, -0.9239, 0.3827)			uv: (0.0000, 0.7500)
n: (-0.2088, -0.8903, 0.4046)			uv: (0.1339, 0.6990)
n: (-0.4046, -0.8903, 0.2088)			uv: (0.2652, 0.6990)
n: (-0.1988, -0.9597, 0.1988)			uv: (0.1274, 0.8186)
n: (-0.2088, -0.8903, 0.4046)			uv: (0.1339, 0.6990)
n: (-0.4046, -0.8903, 0.2088)			uv: (0.2652, 0.6990)
n: (-0.2088, -0.8903, 0.4046)			uv: (0.1339, 0.6990)
n: (-0.4082, -0.8165, 0.4082)			uv: (0.2677, 0.6082)
n: (-0.3827, -0.9239, 0.0000)			uv: (0.2500, 0.7500)
n: (-0.4046, -0.8903, 0.2088)			uv: (0.2652, 0.6990)
n: (-0.5556, -0.8315, 0.0000)			uv: (0.3750, 0.6250)
n: (-0.4046, -0.8903, 0.2088)			uv: (0.2652, 0.6990)
n: (-0.4082, -0.8165, 0.4082)			uv: (0.2677, 0.6082)
n: (-0.5774, -0.7887, 0.2113)			uv: (0.3918, 0.5785)
n: (-0.5556, -0.8315, 0.0000)			uv: (0.3750, 0.6250)
n: (-0.4046, -0.8903, 0.2088)			uv: (0.2652, 0.6990)
n: (-0.5774, -0.7887, 0.2113)			uv: (0.3918, 0.5785)
n: (-0.5556, -0.8315, 0.0000)			uv: (0.3750, 0.6250)
n: (-0.5774, -0.7887, 0.2113)			uv: (0.3918, 0.5785)
n: (-0.7071, -0.7071, 0.0000)			uv: (0.5000, 0.5000)
n: (0.0000, -0.7071, 0.7071)			uv: (0.0000, 0.5000)
n: (0.0000, -0.5556, 0.8315)			uv: (0.0000, 0.3750)
n: (-0.2113, -0.5774, 0.7887)			uv: (0.1356, 0.3918)
n: (0.0000, -0.5556, 0.8315)			uv: (0.0000, 0.3750)
n: (0.0000, -0.3827, 0.9239)			uv: (0.0000, 0.2500)
n: (-0.2088, -0.4046, 0.8903)			uv: (0.1339, 0.2652)
n: (-0.2113, -0.5774, 0.7887)			uv: (0.1356, 0.3918)
n: (0.0000, -0.5556, 0.8315)			uv: (0.0000, 0.3750)
n: (-0.2088, -0.4046, 0.8903)			uv: (0.1339, 0.2652)
n: (-0.2113, -0.5774, 0.7887)			uv: (0.1356, 0.3918)
n: (-0.2088, -0.4046, 0.8903)			uv: (0.1339, 0.2652)
n: (-0.4082, -0.4082, 0.8165)			uv: (0.2677, 0.2677)
n: (0.0000, -0.3827, 0.9239)			uv: (0.0000, 0.2500)
n: (0.0000, -0.1951, 0.9808)			uv: (0.0000, 0.1250)
n: (-0.1988, -0.1988, 0.9597)			uv: (0.1274, 0.1274)
n: (0.0000, -0.1951, 0.9808)			uv: (0.0000, 0.1250)
n: (0.0000, 0.0000, 1.0000)			uv: (0.0000, 0.0000)
n: (-0.1951, 0.0000, 0.9808)			uv: (0.1250, 0.0000)
n: (-0.1988, -0.1988, 0.9597)			uv: (0.1274, 0.1274)
n: (0.0000, -0.1951, 0.9808)			uv: (0.0000, 0.1250)
n: (-0.1951, 0.0000, 0.9808)			uv: (0.1250, 0.0000)
n: (-0.1988, -0.1988, 0.9597)			uv: (0.1274, 0.1274)
n: (-0.1951, 0.0000, 0.9808)			uv: (0.1250, 0.0000)
n: (-0.3827, 0.0000, 0.9239)			uv: (0.2500, 0.0000)
n: (-0.4082, -0.4082, 0.8165)			uv: (0.2677, 0.2677)
n: (-0.2088, -0.4046, 0.8903)			uv: (0.1339, 0.2652)
n: (-0.4046, -0.2088, 0.8903)			uv: (0.2652, 0.1339)
n: (-0.2088, -0.4046, 0.8903)			uv: (0.1339, 0.2652)
n: (0.0000, -0.3827, 0.9239)			uv: (0.0000, 0.2500)
n: (-0.1988, -0.1988, 0.9597)			uv: (0.1274, 0.1274)
n: (-0.4046, -0.2088, 0.8903)			uv: (0.2652, 0.1339)
n: (-0.2088, -0.4046, 0.8903)			uv: (0.1339, 0.2652)
n: (-0.1988, -0.1988, 0.9597)			uv: (0.1274, 0.1274)
n: (-0.4046, -0.2088, 0.8903)			uv: (0.2652, 0.1339)
n: (-0.1988, -0.1988, 0.9597)			uv: (0.1274, 0.1274)
n: (-0.3827, 0.0000, 0.9239)			uv: (0.2500, 0.0000)
n: (-0.4082, -0.4082, 0.8165)			uv: (0.2677, 0.2677)
n: (-0.4046, -0.2088, 0.8903)			uv: (0.2652, 0.1339)
n: (-0.5774, -0.2113, 0.7887)			uv: (0.3918, 0.1356)
n: (-0.4046, -0.2088, 0.8903)			uv: (0.2652, 0.1339)
n: (-0.3827, 0.0000, 0.9239)			uv: (0.2500, 0.0000)
n: (-0.5556, 0.0000, 0.8315)			uv: (0.3750, 0.0000)
n: (-0.5774, -0.2113, 0.7887)			uv: (0.3918, 0.1356)
n: (-0.4046, -0.2088, 0.8903)			uv: (0.2652, 0.1339)
n: (-0.5556, 0.0000, 0.8315)			uv: (0.3750, 0.0000)
n: (-0.5774, -0.2113, 0.7887)			uv: (0.3918, 0.1356)
n: (-0.5556, 0.0000, 0.8315)			uv: (0.3750, 0.0000)
n: (-0.7071, 0.0000, 0.7071)			uv: (0.5000, 0.0000)
n: (-0.7071, -0.7071, 0.0000)			uv: (0.5000, 0.5000)
n: (-0.5774, -0.7887, 0.2113)			uv: (0.3918, 0.5785)
n: (-0.7887, -0.5774, 0.2113)			uv: (0.5785, 0.3918)
n: (-0.5774, -0.7887, 0.2113)			uv: (0.3918, 0.5785)
n: (-0.4082, -0.8165, 0.4082)			uv: (0.2677, 0.6082)
n: (-0.6396, -0.6396, 0.4264)			uv: (0.4418, 0.4418)
n: (-0.7887, -0.5774, 0.2113)			uv: (0.5785, 0.3918)
n: (-0.5774, -0.7887, 0.2113)			uv: (0.3918, 0.5785)
n: (-0.6396, -0.6396, 0.4264)			uv: (0.4418, 0.4418)
n: (-0.7887, -0.5774, 0.2113)			uv: (0.5785, 0.3918)
n: (-0.6396, -0.6396, 0.4264)			uv: (0.4418, 0.4418)
n: (-0.8165, -0.4082, 0.4082)			uv: (0.6082, 0.2677)
n: (-0.4082, -0.8165, 0.4082)			uv: (0.2677, 0.6082)
n: (-0.2113, -0.7887, 0.5774)			uv: (0.1356, 0.5785)
n: (-0.4264, -0.6396, 0.6396)			uv: (0.2804, 0.4418)
n: (-0.2113, -0.7887, 0.5774)			uv: (0.1356, 0.5785)
n: (0.0000, -0.7071, 0.7071)			uv: (0.0000, 0.5000)
n: (-0.2113, -0.5774, 0.7887)			uv: (0.1356, 0.3918)
n: (-0.4264, -0.6396, 0.6396)			uv: (0.2804, 0.4418)
n: (-0.2113, -0.7887, 0.5774)			uv: (0.1356, 0.5785)
n: (-0.2113, -0.5774, 0.7887)			uv: (0.1356, 0.3918)
n: (-0.4264, -0.6396, 0.6396)			uv: (0.2804, 0.4418)
n: (-0.2113, -0.5774, 0.7887)			uv: (0.1356, 0.3918)
n: (-0.4082, -0.4082, 0.8165)			uv: (0.2677, 0.2677)
n: (-0.8165, -0.4082, 0.4082)			uv: (0.6082, 0.2677)
n: (-0.6396, -0.6396, 0.4264)			uv: (0.4418, 0.4418)
n: (-0.6396, -0.4264, 0.6396)			uv: (0.4418, 0.2804)
n: (-0.6396, -0.6396, 0.4264)			uv: (0.4418, 0.4418)
n: (-0.4082, -0.8165, 0.4082)			uv: (0.2677, 0.6082)
n: (-0.4264, -0.6396, 0.6396)			uv: (0.2804, 0.4418)
n: (-0.6396, -0.4264, 0.6396)			uv: (0.4418, 0.2804)
n: (-0.6396, -0.6396, 0.4264)			uv: (0.4418, 0.4418)
n: (-0.4264, -0.6396, 0.6396)			uv: (0.2804, 0.4418)
n: (-0.6396, -0.4264, 0.6396)			uv: (0.4418, 0.2804)
n: (-0.4264, -0.6396, 0.6396)			uv: (0.2804, 0.4418)
n: (-0.4082, -0.4082, 0.8165)			uv: (0.2677, 0.2677)
n: (-0.8165, -0.4082, 0.4082)			uv: (0.6082, 0.2677)
n: (-0.6396, -0.4264, 0.6396)			uv: (0.4418, 0.2804)
n: (-0.7887, -0.2113, 0.5774)			uv: (0.5785, 0.1356)
n: (-0.6396, -0.4264, 0.6396)			uv: (0.4418, 0.2804)
n: (-0.4082, -0.4082, 0.8165)			uv: (0.2677, 0.2677)
n: (-0.5774, -0.2113, 0.7887)			uv: (0.3918, 0.1356)
n: (-0.7887, -0.2113, 0.5774)			uv: (0.5785, 0.1356)
n: (-0.6396, -0.4264, 0.6396)			uv: (0.4418, 0.2804)
n: (-0.5774, -0.2113, 0.7887)			uv: (0.3918, 0.1356)
n: (-0.7887, -0.2113, 0.5774)			uv: (0.5785, 0.1356)
n: (-0.5774, -0.2113, 0.7887)			uv: (0.3918, 0.1356)
n: (-0.7071, 0.0000, 0.7071)			uv: (0.5000, 0.0000)
n: (-0.7071, -0.7071, 0.0000)			uv: (0.5000, 0.5000)
n: (-0.7887, -0.5774, 0.2113)			uv: (0.5785, 0.3918)
n: (-0.8315, -0.5556, 0.0000)			uv: (0.6250, 0.3750)
n: (-0.7887, -0.5774, 0.2113)			uv: (0.5785, 0.3918)
n: (-0.8165, -0.4082, 0.4082)			uv: (0.6082, 0.2677)
n: (-0.8903, -0.4046, 0.2088)			uv: (0.6990, 0.2652)
n: (-0.8315, -0.5556, 0.0000)			uv: (0.6250, 0.3750)
n: (-0.7887, -0.5774, 0.2113)			uv: (0.5785, 0.3918)
n: (-0.8903, -0.4046, 0.2088)			uv: (0.6990, 0.2652)
n: (-0.8315, -0.5556, 0.0000)			uv: (0.6250, 0.3750)
n: (-0.8903, -0.4046, 0.2088)			uv: (0.6990, 0.2652)
n: (-0.9239, -0.3827, 0.0000)			uv: (0.7500, 0.2500)
n: (-0.8165, -0.4082, 0.4082)			uv: (0.6082, 0.2677)
n: (-0.7887, -0.2113, 0.5774)			uv: (0.5785, 0.1356)
n: (-0.8903, -0.2088, 0.4046)			uv: (0.6990, 0.1339)
n: (-0.7887, -0.2113, 0.5774)			uv: (0.5785, 0.1356)
n: (-0.7071, 0.0000, 0.7071)			uv: (0.5000, 0.0000)
n: (-0.8315, 0.0000, 0.5556)			uv: (0.6250, 0.0000)
n: (-0.8903, -0.2088, 0.4046)			uv: (0.6990, 0.1339)
n: (-0.7887, -0.2113, 0.5774)			uv: (0.5785, 0.1356)
n: (-0.8315, 0.0000, 0.5556)			uv: (0.6250, 0.0000)
n: (-0.8903, -0.2088, 0.4046)			uv: (0.6990, 0.1339)
n: (-0.8315, 0.0000, 0.5556)			uv: (0.6250, 0.0000)
n: (-0.9239, 0.0000, 0.3827)			uv: (0.7500, 0.0000)
n: (-0.9239, -0.3827, 0.0000)			uv: (0.7500, 0.2500)
n: (-0.8903, -0.4046, 0.2088)			uv: (0.6990, 0.2652)
n: (-0.9597, -0.1988, 0.1988)			uv: (0.8186, 0.1274)
n: (-0.8903, -0.4046, 0.2088)			uv: (0.6990, 0.2652)
n: (-0.8165, -0.4082, 0.4082)			uv: (0.6082, 0.2677)
n: (-0.8903, -0.2088, 0.4046)			uv: (0.6990, 0.1339)
n: (-0.9597, -0.1988, 0.1988)			uv: (0.8186, 0.1274)
n: (-0.8903, -0.4046, 0.2088)			uv: (0.6990, 0.2652)
n: (-0.8903, -0.2088, 0.4046)			uv: (0.6990, 0.1339)
n: (-0.9597, -0.1988, 0.1988)			uv: (0.8186, 0.1274)
n: (-0.8903, -0.2088, 0.4046)			uv: (0.6990, 0.1339)
n: (-0.9239, 0.0000, 0.3827)			uv: (0.7500, 0.0000)
n: (-0.9239, -0.3827, 0.0000)			uv: (0.7500, 0.2500)
n: (-0.9597, -0.1988, 0.1988)			uv: (0.8186, 0.1274)
n: (-0.9808, -0.1951, 0.0000)			uv: (0.8750, 0.1250)
n: (-0.9597, -0.1988, 0.1988)			uv: (0.8186, 0.1274)
n: (-0.9239, 0.0000, 0.3827)			uv: (0.7500, 0.0000)
n: (-0.9808, 0.0000, 0.1951)			uv: (0.8750, 0.0000)
n: (-0.9808, -0.1951, 0.0000)			uv: (0.8750, 0.1250)
n: (-0.9597, -0.1988, 0.1988)			uv: (0.8186, 0.1274)
n: (-0.9808, 0.0000, 0.1951)			uv: (0.8750, 0.0000)
n: (-0.9808, -0.1951, 0.0000)			uv: (0.8750, 0.1250)
n: (-0.9808, 0.0000, 0.1951)			uv: (0.8750, 0.0000)
n: (-1.0000, 0.0000, 0.0000)			uv: (1.0000, 0.0000)
n: (1.0000, 0.0000, 0.0000)			uv: (1.0000, 0.0000)
n: (0.9808, 0.0000, 0.1951)			uv: (0.8750, 0.0000)
n: (0.9808, -0.1951, 0.0000)			uv: (0.8750, 0.1250)
n: (0.9808, 0.0000, 0.1951)			uv: (0.8750, 0.0000)
n: (0.9239, 0.0000, 0.3827)			uv: (0.7500, 0.0000)
n: (0.9597, -0.1988, 0.1988)			uv: (0.8186, 0.1274)
n: (0.9808, -0.1951, 0.0000)			uv: (0.8750, 0.1250)
n: (0.9808, 0.0000, 0.1951)			uv: (0.8750, 0.0000)
n: (0.9597, -0.1988, 0.1988)			uv: (0.8186, 0.1274)
n: (0.9808, -0.1951, 0.0000)			uv: (0.8750, 0.1250)
n: (0.9597, -0.1988, 0.1988)			uv: (0.8186, 0.1274)
n: (0.9239, -0.3827, 0.0000)			uv: (0.7500, 0.2500)
n: (0.9239, 0.0000, 0.3827)			uv: (0.7500, 0.0000)
n: (0.8315, 0.0000, 0.5556)			uv: (0.6250, 0.0000)
n: (0.8903, -0.2088, 0.4046)			uv: (0.6990, 0.1339)
n: (0.8315, 0.0000, 0.5556)			uv: (0.6250, 0.0000)
n: (0.7071, 0.0000, 0.7071)			uv: (0.5000, 0.0000)
n: (0.7887, -0.2113, 0.5774)			uv: (0.5785, 0.1356)
n: (0.8903, -0.2088, 0.4046)			uv: (0.6990, 0.1339)
n: (0.8315, 0.0000, 0.5556)			uv: (0.6250, 0.0000)
n: (0.7887, -0.2113, 0.5774)			uv: (0.5785, 0.1356)
n: (0.8903, -0.2088, 0.4046)			uv: (0.6990, 0.1339)
n: (0.7887, -0.2113, 0.5774)			uv: (0.5785, 0.1356)
n: (0.8165, -0.4082, 0.4082)			uv: (0.6082, 0.2677)
n: (0.9239, -0.3827, 0.0000)			uv: (0.7500, 0.2500)
n: (0.9597, -0.1988, 0.1988)			uv: (0.8186, 0.1274)
n: (0.8903, -0.4046, 0.2088)			uv: (0.6990, 0.2652)
n: (0.9597, -0.1988, 0.1988)			uv: (0.8186, 0.1274)
n: (0.9239, 0.0000, 0.3827)			uv: (0.7500, 0.0000)
n: (0.8903, -0.2088, 0.4046)			uv: (0.6990, 0.1339)
n: (0.8903, -0.4046, 0.2088)			uv: (0.6990, 0.2652)
n: (0.9597, -0.1988, 0.1988)			uv: (0.8186, 0.1274)
n: (0.8903, -0.2088, 0.4046)			uv: (0.6990, 0.1339)
n: (0.8903, -0.4046, 0.2088)			uv: (0.6990, 0.2652)
n: (0.8903, -0.2088, 0.4046)			uv: (0.6990, 0.1339)
n: (0.8165, -0.4082, 0.4082)			uv: (0.6082, 0.2677)
n: (0.9239, -0.3827, 0.0000)			uv: (0.7500, 0.2500)
n: (0.8903, -0.4046, 0.2088)			uv: (0.6990, 0.2652)
n: (0.8315, -0.5556, 0.0000)			uv: (0.6250, 0.3750)
n: (0.8903, -0.4046, 0.2088)			uv: (0.6990, 0.2652)
n: (0.8165, -0.4082, 0.4082)			uv: (0.6082, 0.2677)
n: (0.7887, -0.5774, 0.2113)			uv: (0.5785, 0.3918)
n: (0.8315, -0.5556, 0.0000)			uv: (0.6250, 0.3750)
n: (0.8903, -0.4046, 0.2088)			uv: (0.6990, 0.2652)
n: (0.7887, -0.5774, 0.2113)			uv: (0.5785, 0.3918)
n: (0.8315, -0.5556, 0.0000)			uv: (0.6250, 0.3750)
n: (0.7887, -0.5774, 0.2113)			uv: (0.5785, 0.3918)
n: (0.7071, -0.7071, 0.0000)			uv: (0.5000, 0.5000)
n: (0.7071, 0.0000, 0.7071)			uv: (0.5000, 0.0000)
n: (0.5556, 0.0000, 0.8315)			uv: (0.3750, 0.0000)
n: (0.5774, -0.2113, 0.7887)			uv: (0.3918, 0.1356)
n: (0.5556, 0.0000, 0.8315)			uv: (0.3750, 0.0000)
n: (0.3827, 0.0000, 0.9239)			uv: (0.2500, 0.0000)
n: (0.4046, -0.2088, 0.8903)			uv: (0.2652, 0.1339)
n: (0.5774, -0.2113, 0.7887)			uv: (0.3918, 0.1356)
n: (0.5556, 0.0000, 0.8315)			uv: (0.3750, 0.0000)
n: (0.4046, -0.2088, 0.8903)			uv: (0.2652, 0.1339)
n: (0.5774, -0.2113, 0.7887)			uv: (0.3918, 0.1356)
n: (0.4046, -0.2088, 0.8903)			uv: (0.2652, 0.1339)
n: (0.4082, -0.4082, 0.8165)			uv: (0.2677, 0.2677)
n: (0.3827, 0.0000, 0.9239)			uv: (0.2500, 0.0000)
n: (0.1951, 0.0000, 0.9808)			uv: (0.1250, 0.0000)
n: (0.1988, -0.1988, 0.9597)			uv: (0.1274, 0.1274)
n: (0.1951, 0.0000, 0.9808)			uv: (0.1250, 0.0000)
n: (0.0000, 0.0000, 1.0000)			uv: (0.0000, 0.0000)
n: (0.0000, -0.1951, 0.9808)			uv: (0.0000, 0.1250)
n: (0.1988, -0.1988, 0.9597)			uv: (0.1274, 0.1274)
n: (0.1951, 0.0000, 0.9808)			uv: (0.1250, 0.0000)
n: (0.0000, -0.1951, 0.9808)			uv: (0.0000, 0.1250)
n: (0.1988, -0.1988, 0.9597)			uv: (0.1274, 0.1274)
n: (0.0000, -0.1951, 0.9808)			uv: (0.0000, 0.1250)
n: (0.0000, -0.3827, 0.9239)			uv: (0.0000, 0.2500)
n: (0.4082, -0.4082, 0.8165)			uv: (0.2677, 0.2677)
n: (0.4046, -0.2088, 0.8903)			uv: (0.2652, 0.1339)
n: (0.2088, -0.4046, 0.8903)			uv: (0.1339, 0.2652)
n: (0.4046, -0.2088, 0.8903)			uv: (0.2652, 0.1339)
n: (0.3827, 0.0000, 0.9239)			uv: (0.2500, 0.0000)
n: (0.1988, -0.1988, 0.9597)			uv: (0.1274, 0.1274)
n: (0.2088, -0.4046, 0.8903)			uv: (0.1339, 0.2652)
n: (0.4046, -0.2088, 0.8903)			uv: (0.2652, 0.1339)
n: (0.1988, -0.1988, 0.9597)			uv: (0.1274, 0.1274)
n: (0.2088, -0.4046, 0.8903)			uv: (0.1339, 0.2652)
n: (0.1988, -0.1988, 0.9597)			uv: (0.1274, 0.1274)
n: (0.0000, -0.3827, 0.9239)			uv: (0.0000, 0.2500)
n: (0.4082, -0.4082, 0.8165)			uv: (0.2677, 0.2677)
n: (0.2088, -0.4046, 0.8903)			uv: (0.1339, 0.2652)
n: (0.2113, -0.5774, 0.7887)			uv: (0.1356, 0.3918)
n: (0.2088, -0.4046, 0.8903)			uv: (0.1339, 0.2652)
n: (0.0000, -0.3827, 0.9239)			uv: (0.0000, 0.2500)
n: (0.0000, -0.5556, 0.8315)			uv: (0.0000, 0.3750)
n: (0.2113, -0.5774, 0.7887)			uv: (0.1356, 0.3918)
n: (0.2088, -0.4046, 0.8903)			uv: (0.1339, 0.2652)
n: (0.0000, -0.5556, 0.8315)			uv: (0.0000, 0.3750)
n: (0.2113, -0.5774, 0.7887)			uv: (0.1356, 0.3918)
n: (0.0000, -0.5556, 0.8315)			uv: (0.0000, 0.3750)
n: (0.0000, -0.7071, 0.7071)			uv: (0.0000, 0.5000)
n: (0.7071, -0.7071, 0.0000)			uv: (0.5000, 0.5000)
n: (0.7887, -0.5774, 0.2113)			uv: (0.5785, 0.3918)
n: (0.5774, -0.7887, 0.2113)			uv: (0.3918, 0.5785)
n: (0.7887, -0.5774, 0.2113)			uv: (0.5785, 0.3918)
n: (0.8165, -0.4082, 0.4082)			uv: (0.6082, 0.2677)
n: (0.6396, -0.6396, 0.4264)			uv: (0.4418, 0.4418)
n: (0.5774, -0.7887, 0.2113)			uv: (0.3918, 0.5785)
n: (0.7887, -0.5774, 0.2113)			uv: (0.5785, 0.3918)
n: (0.6396, -0.6396, 0.4264)			uv: (0.4418, 0.4418)
n: (0.5774, -0.7887, 0.2113)			uv: (0.3918, 0.5785)
n: (0.6396, -0.6396, 0.4264)			uv: (0.4418, 0.4418)
n: (0.4082, -0.8165, 0.4082)			uv: (0.2677, 0.6082)
n: (0.8165, -0.4082, 0.4082)			uv: (0.6082, 0.2677)
n: (0.7887, -0.2113, 0.5774)			uv: (0.5785, 0.1356)
n: (0.6396, -0.4264, 0.6396)			uv: (0.4418, 0.2804)
n: (0.7887, -0.2113, 0.5774)			uv: (0.5785, 0.1356)
n: (0.7071, 0.0000, 0.7071)			uv: (0.5000, 0.0000)
n: (0.5774, -0.2113, 0.7887)			uv: (0.3918, 0.1356)
n: (0.6396, -0.4264, 0.6396)			uv: (0.4418, 0.2804)
n: (0.7887, -0.2113, 0.5774)			uv: (0.5785, 0.1356)
n: (0.5774, -0.2113, 0.7887)			uv: (0.3918, 0.1356)
n: (0.6396, -0.4264, 0.6396)			uv: (0.4418, 0.2804)
n: (0.5774, -0.2113, 0.7887)			uv: (0.3918, 0.1356)
n: (0.4082, -0.4082, 0.8165)			uv: (0.2677, 0.2677)
n: (0.4082, -0.8165, 0.4082)			uv: (0.2677, 0.6082)
n: (0.6396, -0.6396, 0.4264)			uv: (0.4418, 0.4418)
n: (0.4264, -0.6396, 0.6396)			uv: (0.2804, 0.4418)
n: (0.6396, -0.6396, 0.4264)			uv: (0.4418, 0.4418)
n: (0.8165, -0.4082, 0.4082)			uv: (0.6082, 0.2677)
n: (0.6396, -0.4264, 0.6396)			uv: (0.4418, 0.2804)
n: (0.4264, -0.6396, 0.6396)			uv: (0.2804, 0.4418)
n: (0.6396, -0.6396, 0.4264)			uv: (0.4418, 0.4418)
n: (0.6396, -0.4264, 0.6396)			uv: (0.4418, 0.2804)
n: (0.4264, -0.6396, 0.6396)			uv: (0.2804, 0.4418)
n: (0.6396, -0.4264, 0.6396)			uv: (0.4418, 0.2804)
n: (0.4082, -0.4082, 0.8165)			uv: (0.2677, 0.2677)
n: (0.4082, -0.8165, 0.4082)			uv: (0.2677, 0.6082)
n: (0.4264, -0.6396, 0.6396)			uv: (0.2804, 0.4418)
n: (0.2113, -0.7887, 0.5774)			uv: (0.1356, 0.5785)
n: (0.4264, -0.6396, 0.6396)			uv: (0.2804, 0.4418)
n: (0.4082, -0.4082, 0.8165)			uv: (0.2677, 0.2677)
n: (0.2113, -0.5774, 0.7887)			uv: (0.1356, 0.3918)
n: (0.2113, -0.7887, 0.5774)			uv: (0.1356, 0.5785)
n: (0.4264, -0.6396, 0.6396)			uv: (0.2804, 0.4418)
n: (0.2113, -0.5774, 0.7887)			uv: (0.1356, 0.3918)
n: (0.2113, -0.7887, 0.5774)			uv: (0.1356, 0.5785)
n: (0.2113, -0.5774, 0.7887)			uv: (0.1356, 0.3918)
n: (0.0000, -0.7071, 0.7071)			uv: (0.0000, 0.5000)
n: (0.7071, -0.7071, 0.0000)			uv: (0.5000, 0.5000)
n: (0.5774, -0.7887, 0.2113)			uv: (0.3918, 0.5785)
n: (0.5556, -0.8315, 0.0000)			uv: (0.3750, 0.6250)
n: (0.5774, -0.7887, 0.2113)			uv: (0.3918, 0.5785)
n: (0.4082, -0.8165, 0.4082)			uv: (0.2677, 0.6082)
n: (0.4046, -0.8903, 0.2088)			uv: (0.2652, 0.6990)
n: (0.5556, -0.8315, 0.0000)			uv: (0.3750, 0.6250)
n: (0.5774, -0.7887, 0.2113)			uv: (0.3918, 0.5785)
n: (0.4046, -0.8903, 0.2088)			uv: (0.2652, 0.6990)
n: (0.5556, -0.8315, 0.0000)			uv: (0.3750, 0.6250)
n: (0.4046, -0.8903, 0.2088)			uv: (0.2652, 0.6990)
n: (0.3827, -0.9239, 0.0000)			uv: (0.2500, 0.7500)
n: (0.4082, -0.8165, 0.4082)			uv: (0.2677, 0.6082)
n: (0.2113, -0.7887, 0.5774)			uv: (0.1356, 0.5785)
n: (0.2088, -0.8903, 0.4046)			uv: (0.1339, 0.6990)
n: (0.2113, -0.7887, 0.5774)			uv: (0.1356, 0.5785)
n: (0.0000, -0.7071, 0.7071)			uv: (0.0000, 0.5000)
n: (0.0000, -0.8315, 0.5556)			uv: (0.0000, 0.6250)
n: (0.2088, -0.8903, 0.4046)			uv: (0.1339, 0.6990)
n: (0.2113, -0.7887, 0.5774)			uv: (0.1356, 0.5785)
n: (0.0000, -0.8315, 0.5556)			uv: (0.0000, 0.6250)
n: (0.2088, -0.8903, 0.4046)			uv: (0.1339, 0.6990)
n: (0.0000, -0.8315, 0.5556)			uv: (0.0000, 0.6250)
n: (0.0000, -0.9239, 0.3827)			uv: (0.0000, 0.7500)
n: (0.3827, -0.9239, 0.0000)			uv: (0.2500, 0.7500)
n: (0.4046, -0.8903, 0.2088)			uv: (0.2652, 0.6990)
n: (0.1988, -0.9597, 0.1988)			uv: (0.1274, 0.8186)
n: (0.4046, -0.8903, 0.2088)			uv: (0.2652, 0.6990)
n: (0.4082, -0.8165, 0.4082)			uv: (0.2677, 0.6082)
n: (0.2088, -0.8903, 0.4046)			uv: (0.1339, 0.6990)
n: (0.1988, -0.9597, 0.1988)			uv: (0.1274, 0.8186)
n: (0.4046, -0.8903, 0.2088)			uv: (0.2652, 0.6990)
n: (0.2088, -0.8903, 0.4046)			uv: (0.1339, 0.6990)
n: (0.1988, -0.9597, 0.1988)			uv: (0.1274, 0.8186)
n: (0.2088, -0.8903, 0.4046)			uv: (0.1339, 0.6990)
n: (0.0000, -0.9239, 0.3827)			uv: (0.0000, 0.7500)
n: (0.3827, -0.9239, 0.0000)			uv: (0.2500, 0.7500)
n: (0.1988, -0.9597, 0.1988)			uv: (0.1274, 0.8186)
n: (0.1951, -0.9808, 0.0000)			uv: (0.1250, 0.8750)
n: (0.1988, -0.9597, 0.1988)			uv: (0.1274, 0.8186)
n: (0.0000, -0.9239, 0.3827)			uv: (0.0000, 0.7500)
n: (0.0000, -0.9808, 0.1951)			uv: (0.0000, 0.8750)
n: (0.1951, -0.9808, 0.0000)			uv: (0.1250, 0.8750)
n: (0.1988, -0.9597, 0.1988)			uv: (0.1274, 0.8186)
n: (0.0000, -0.9808, 0.1951)			uv: (0.0000, 0.8750)
n: (0.1951, -0.9808, 0.0000)			uv: (0.1250, 0.8750)
n: (0.0000, -0.9808, 0.1951)			uv: (0.0000, 0.8750)
n: (0.0000, -1.0000, 0.0000)			uv: (0.0000, 1.0000)
n: (0.0000, 0.0000, -1.0000)			uv: (0.0000, 0.0000)
n: (0.0000, 0.1951, -0.9808)			uv: (0.0000, 0.1250)
n: (0.1951, 0.0000, -0.9808)			uv: (0.1250, 0.0000)
n: (0.0000, 0.1951, -0.9808)			uv: (0.0000, 0.1250)
n: (0.0000, 0.3827, -0.9239)			uv: (0.0000, 0.2500)
n: (0.1988, 0.1988, -0.9597)			uv: (0.1274, 0.1274)
n: (0.1951, 0.0000, -0.9808)			uv: (0.1250, 0.0000)
n: (0.0000, 0.1951, -0.9808)			uv: (0.0000, 0.1250)
n: (0.1988, 0.1988, -0.9597)			uv: (0.1274, 0.1274)
n: (0.1951, 0.0000, -0.9808)			uv: (0.1250, 0.0000)
n: (0.1988, 0.1988, -0.9597)			uv: (0.1274, 0.1274)
n: (0.3827, 0.0000, -0.9239)			uv: (0.2500, 0.0000)
n: (0.0000, 0.3827, -0.9239)			uv: (0.0000, 0.2500)
n: (0.0000, 0.5556, -0.8315)			uv: (0.0000, 0.3750)
n: (0.2088, 0.4046, -0.8903)			uv: (0.1339, 0.2652)
n: (0.0000, 0.5556, -0.8315)			uv: (0.0000, 0.3750)
n: (0.0000, 0.7071, -0.7071)			uv: (0.0000, 0.5000)
n: (0.2113, 0.5774, -0.7887)			uv: (0.1356, 0.3918)
n: (0.2088, 0.4046, -0.8903)			uv: (0.1339, 0.2652)
n: (0.0000, 0.5556, -0.8315)			uv: (0.0000, 0.3750)
n: (0.2113, 0.5774, -0.7887)			uv: (0.1356, 0.3918)
n: (0.2088, 0.4046, -0.8903)			uv: (0.1339, 0.2652)
n: (0.2113, 0.5774, -0.7887)			uv: (0.1356, 0.3918)
n: (0.4082, 0.4082, -0.8165)			uv: (0.2677, 0.2677)
n: (0.3827, 0.0000, -0.9239)			uv: (0.2500, 0.0000)
n: (0.1988, 0.1988, -0.9597)			uv: (0.1274, 0.1274)
n: (0.4046, 0.2088, -0.8903)			uv: (0.2652, 0.1339)
n: (0.1988, 0.1988, -0.9597)			uv: (0.1274, 0.1274)
n: (0.0000, 0.3827, -0.9239)			uv: (0.0000, 0.2500)
n: (0.2088, 0.4046, -0.8903)			uv: (0.1339, 0.2652)
n: (0.4046, 0.2088, -0.8903)			uv: (0.2652, 0.1339)
n: (0.1988, 0.1988, -0.9597)			uv: (0.1274, 0.1274)
n: (0.2088, 0.4046, -0.8903)			uv: (0.1339, 0.2652)
n: (0.4046, 0.2088, -0.8903)			uv: (0.2652, 0.1339)
n: (0.2088, 0.4046, -0.8903)			uv: (0.1339, 0.2652)
n: (0.4082, 0.4082, -0.8165)			uv: (0.2677, 0.2677)
n: (0.3827, 0.0000, -0.9239)			uv: (0.2500, 0.0000)
n: (0.4046, 0.2088, -0.8903)			uv: (0.2652, 0.1339)
n: (0.5556, 0.0000, -0.8315)			uv: (0.3750, 0.0000)
n: (0.4046, 0.2088, -0.8903)			uv: (0.2652, 0.1339)
n: (0.4082, 0.4082, -0.8165)			uv: (0.2677, 0.2677)
n: (0.5774, 0.2113, -0.7887)			uv: (0.3918, 0.1356)
n: (0.5556, 0.0000, -0.8315)			uv: (0.3750, 0.0000)
n: (0.4046, 0.2088, -0.8903)			uv: (0.2652, 0.1339)
n: (0.5774, 0.2113, -0.7887)			uv: (0.3918, 0.1356)
n: (0.5556, 0.0000, -0.8315)			uv: (0.3750, 0.0000)
n: (0.5774, 0.2113, -0.7887)			uv: (0.3918, 0.1356)
n: (0.7071, 0.0000, -0.7071)			uv: (0.5000, 0.0000)
n: (0.0000, 0.7071, -0.7071)			uv: (0.0000, 0.5000)
n: (0.0000, 0.8315, -0.5556)			uv: (0.0000, 0.6250)
n: (0.2113, 0.7887, -0.5774)			uv: (0.1356, 0.5785)
n: (0.0000, 0.8315, -0.5556)			uv: (0.0000, 0.6250)
n: (0.0000, 0.9239, -0.3827)			uv: (0.0000, 0.7500)
n: (0.2088, 0.8903, -0.4046)			uv: (0.1339, 0.6990)
n: (0.2113, 0.7887, -0.5774)			uv: (0.1356, 0.5785)
n: (0.0000, 0.8315, -0.5556)			uv: (0.0000, 0.6250)
n: (0.2088, 0.8903, -0.4046)			uv: (0.1339, 0.6990)
n: (0.2113, 0.7887, -0.5774)			uv: (0.1356, 0.5785)
n: (0.2088, 0.8903, -0.4046)			uv: (0.1339, 0.6990)
n: (0.4082, 0.8165, -0.4082)			uv: (0.2677, 0.6082)
n: (0.0000, 0.9239, -0.3827)			uv: (0.0000, 0.7500)
n: (0.0000, 0.9808, -0.1951)			uv: (0.0000, 0.8750)
n: (0.1988, 0.9597, -0.1988)			uv: (0.1274, 0.8186)
n: (0.0000, 0.9808, -0.1951)			uv: (0.0000, 0.8750)
n: (0.0000, 1.0000, 0.0000)			uv: (0.0000, 1.0000)
n: (0.1951, 0.9808, 0.0000)			uv: (0.1250, 0.8750)
n: (0.1988, 0.9597, -0.1988)			uv: (0.1274, 0.8186)
n: (0.0000, 0.9808, -0.1951)			uv: (0.0000, 0.8750)
n: (0.1951, 0.9808, 0.0000)			uv: (0.1250, 0.8750)
n: (0.1988, 0.9597, -0.1988)			uv: (0.1274, 0.8186)
n: (0.1951, 0.9808, 0.0000)			uv: (0.1250, 0.8750)
n: (0.3827, 0.9239, 0.0000)			uv: (0.2500, 0.7500)
n: (0.4082, 0.8165, -0.4082)			uv: (0.2677, 0.6082)
n: (0.2088, 0.8903, -0.4046)			uv: (0.1339, 0.6990)
n: (0.4046, 0.8903, -0.2088)			uv: (0.2652, 0.6990)
n: (0.2088, 0.8903, -0.4046)			uv: (0.1339, 0.6990)
n: (0.0000, 0.9239, -0.3827)			uv: (0.0000, 0.7500)
n: (0.1988, 0.9597, -0.1988)			uv: (0.1274, 0.8186)
n: (0.4046, 0.8903, -0.2088)			uv: (0.2652, 0.6990)
n: (0.2088, 0.8903, -0.4046)			uv: (0.1339, 0.6990)
n: (0.1988, 0.9597, -0.1988)			uv: (0.1274, 0.8186)
n: (0.4046, 0.8903, -0.2088)			uv: (0.2652, 0.6990)
n: (0.1988, 0.9597, -0.1988)			uv: (0.1274, 0.8186)
n: (0.3827, 0.9239, 0.0000)			uv: (0.2500, 0.7500)
n: (0.4082, 0.8165, -0.4082)			uv: (0.2677, 0.6082)
n: (0.4046, 0.8903, -0.2088)			uv: (0.2652, 0.6990)
n: (0.5774, 0.7887, -0.2113)			uv: (0.3918, 0.5785)
n: (0.4046, 0.8903, -0.2088)			uv: (0.2652, 0.6990)
n: (0.3827, 0.9239, 0.0000)			uv: (0.2500, 0.7500)
n: (0.5556, 0.8315, 0.0000)			uv: (0.3750, 0.6250)
n: (0.5774, 0.7887, -0.2113)			uv: (0.3918, 0.5785)
n: (0.4046, 0.8903, -0.2088)			uv: (0.2652, 0.6990)
n: (0.5556, 0.8315, 0.0000)			uv: (0.3750, 0.6250)
n: (0.5774, 0.7887, -0.2113)			uv: (0.3918, 0.5785)
n: (0.5556, 0.8315, 0.0000)			uv: (0.3750, 0.6250)
n: (0.7071, 0.7071, 0.0000)			uv: (0.5000, 0.5000)
n: (0.7071, 0.0000, -0.7071)			uv: (0.5000, 0.0000)
n: (0.5774, 0.2113, -0.7887)			uv: (0.3918, 0.1356)
n: (0.7887, 0.2113, -0.5774)			uv: (0.5785, 0.1356)
n: (0.5774, 0.2113, -0.7887)			uv: (0.3918, 0.1356)
n: (0.4082, 0.4082, -0.8165)			uv: (0.2677, 0.2677)
n: (0.6396, 0.4264, -0.6396)			uv: (0.4418, 0.2804)
n: (0.7887, 0.2113, -0.5774)			uv: (0.5785, 0.1356)
n: (0.5774, 0.2113, -0.7887)			uv: (0.3918, 0.1356)
n: (0.6396, 0.4264, -0.6396)			uv: (0.4418, 0.2804)
n: (0.7887, 0.2113, -0.5774)			uv: (0.5785, 0.1356)
n: (0.6396, 0.4264, -0.6396)			uv: (0.4418, 0.2804)
n: (0.8165, 0.4082, -0.4082)			uv: (0.6082, 0.2677)
n: (0.4082, 0.4082, -0.8165)			uv: (0.2677, 0.2677)
n: (0.2113, 0.5774, -0.7887)			uv: (0.1356, 0.3918)
n: (0.4264, 0.6396, -0.6396)			uv: (0.2804, 0.4418)
n: (0.2113, 0.5774, -0.7887)			uv: (0.1356, 0.3918)
n: (0.0000, 0.7071, -0.7071)			uv: (0.0000, 0.5000)
n: (0.2113, 0.7887, -0.5774)			uv: (0.1356, 0.5785)
n: (0.4264, 0.6396, -0.6396)			uv: (0.2804, 0.4418)
n: (0.2113, 0.5774, -0.7887)			uv: (0.1356, 0.3918)
n: (0.2113, 0.7887, -0.5774)			uv: (0.1356, 0.5785)
n: (0.4264, 0.6396, -0.6396)			uv: (0.2804, 0.4418)
n: (0.2113, 0.7887, -0.5774)			uv: (0.1356, 0.5785)
n: (0.4082, 0.8165, -0.4082)			uv: (0.2677, 0.6082)
n: (0.8165, 0.4082, -0.4082)			uv: (0.6082, 0.2677)
n: (0.6396, 0.4264, -0.6396)			uv: (0.4418, 0.2804)
n: (0.6396, 0.6396, -0.4264)			uv: (0.4418, 0.4418)
n: (0.6396, 0.4264, -0.6396)			uv: (0.4418, 0.2804)
n: (0.4082, 0.4082, -0.8165)			uv: (0.2677, 0.2677)
n: (0.4264, 0.6396, -0.6396)			uv: (0.2804, 0.4418)
n: (0.6396, 0.6396, -0.4264)			uv: (0.4418, 0.4418)
n: (0.6396, 0.4264, -0.6396)			uv: (0.4418, 0.2804)
n: (0.4264, 0.6396, -0.6396)			uv: (0.2804, 0.4418)
n: (0.6396, 0.6396, -0.4264)			uv: (0.4418, 0.4418)
n: (0.4264, 0.6396, -0.6396)			uv: (0.2804, 0.4418)
n: (0.4082, 0.8165, -0.4082)			uv: (0.2677, 0.6082)
n: (0.8165, 0.4082, -0.4082)			uv: (0.6082, 0.2677)
n: (0.6396, 0.6396, -0.4264)			uv: (0.4418, 0.4418)
n: (0.7887, 0.5774, -0.2113)			uv: (0.5785, 0.3918)
n: (0.6396, 0.6396, -0.4264)			uv: (0.4418, 0.4418)
n: (0.4082, 0.8165, -0.4082)			uv: (0.2677, 0.6082)
n: (0.5774, 0.7887, -0.2113)			uv: (0.3918, 0.5785)
n: (0.7887, 0.5774, -0.2113)			uv: (0.5785, 0.3918)
n: (0.6396, 0.6396, -0.4264)			uv: (0.4418, 0.4418)
n: (0.5774, 0.7887, -0.2113)			uv: (0.3918, 0.5785)
n: (0.7887, 0.5774, -0.2113)			uv: (0.5785, 0.3918)
n: (0.5774, 0.7887, -0.2113)			uv: (0.3918, 0.5785)
n: (0.7071, 0.7071, 0.0000)			uv: (0.5000, 0.5000)
n: (0.7071, 0.0000, -0.7071)			uv: (0.5000, 0.0000)
n: (0.7887, 0.2113, -0.5774)			uv: (0.5785, 0.1356)
n: (0.8315, 0.0000, -0.5556)			uv: (0.6250, 0.0000)
n: (0.7887, 0.2113, -0.5774)			uv: (0.5785, 0.1356)
n: (0.8165, 0.4082, -0.4082)			uv: (0.6082, 0.2677)
n: (0.8903, 0.2088, -0.4046)			uv: (0.6990, 0.1339)
n: (0.8315, 0.0000, -0.5556)			uv: (0.6250, 0.0000)
n: (0.7887, 0.2113, -0.5774)			uv: (0.5785, 0.1356)
n: (0.8903, 0.2088, -0.4046)			uv: (0.6990, 0.1339)
n: (0.8315, 0.0000, -0.5556)			uv: (0.6250, 0.0000)
n: (0.8903, 0.2088, -0.4046)			uv: (0.6990, 0.1339)
n: (0.9239, 0.0000, -0.3827)			uv: (0.7500, 0.0000)
n: (0.8165, 0.4082, -0.4082)			uv: (0.6082, 0.2677)
n: (0.7887, 0.5774, -0.2113)			uv: (0.5785, 0.3918)
n: (0.8903, 0.4046, -0.2088)			uv: (0.6990, 0.2652)
n: (0.7887, 0.5774, -0.2113)			uv: (0.5785, 0.3918)
n: (0.7071, 0.7071, 0.0000)			uv: (0.5000, 0.5000)
n: (0.8315, 0.5556, 0.0000)			uv: (0.6250, 0.3750)
n: (0.8903, 0.4046, -0.2088)			uv: (0.6990, 0.2652)
n: (0.7887, 0.5774, -0.2113)			uv: (0.5785, 0.3918)
n: (0.8315, 0.5556, 0.0000)			uv: (0.6250, 0.3750)
n: (0.8903, 0.4046, -0.2088)			uv: (0.6990, 0.2652)
n: (0.8315, 0.5556, 0.0000)			uv: (0.6250, 0.3750)
n: (0.9239, 0.3827, 0.0000)			uv: (0.7500, 0.2500)
n: (0.9239, 0.0000, -0.3827)			uv: (0.7500, 0.0000)
n: (0.8903, 0.2088, -0.4046)			uv: (0.6990, 0.1339)
n: (0.9597, 0.1988, -0.1988)			uv: (0.8186, 0.1274)
n: (0.8903, 0.2088, -0.4046)			uv: (0.6990, 0.1339)
n: (0.8165, 0.4082, -0.4082)			uv: (0.6082, 0.2677)
n: (0.8903, 0.4046, -0.2088)			uv: (0.6990, 0.2652)
n: (0.9597, 0.1988, -0.1988)			uv: (0.8186, 0.1274)
n: (0.8903, 0.2088, -0.4046)			uv: (0.6990, 0.1339)
n: (0.8903, 0.4046, -0.2088)			uv: (0.6990, 0.2652)
n: (0.9597, 0.1988, -0.1988)			uv: (0.8186, 0.1274)
n: (0.8903, 0.4046, -0.2088)			uv: (0.6990, 0.2652)
n: (0.9239, 0.3827, 0.0000)			uv: (0.7500, 0.2500)
n: (0.9239, 0.0000, -0.3827)			uv: (0.7500, 0.0000)
n: (0.9597, 0.1988, -0.1988)			uv: (0.8186, 0.1274)
n: (0.9808, 0.0000, -0.1951)			uv: (0.8750, 0.0000)
n: (0.9597, 0.1988, -0.1988)			uv: (0.8186, 0.1274)
n: (0.9239, 0.3827, 0.0000)			uv: (0.7500, 0.2500)
n: (0.9808, 0.1951, 0.0000)			uv: (0.8750, 0.1250)
n: (0.9808, 0.0000, -0.1951)			uv: (0.8750, 0.0000)
n: (0.9597, 0.1988, -0.1988)			uv: (0.8186, 0.1274)
n: (0.9808, 0.1951, 0.0000)			uv: (0.8750, 0.1250)
n: (0.9808, 0.0000, -0.1951)			uv: (0.8750, 0.0000)
n: (0.9808, 0.1951, 0.0000)			uv: (0.8750, 0.1250)
n: (1.0000, 0.0000, 0.0000)			uv: (1.0000, 0.0000)
n: (0.0000, 0.0000, -1.0000)			uv: (0.0000, 0.0000)
n: (-0.1951, 0.0000, -0.9808)			uv: (0.1250, 0.0000)
n: (0.0000, 0.1951, -0.9808)			uv: (0.0000, 0.1250)
n: (-0.1951, 0.0000, -0.9808)			uv: (0.1250, 0.0000)
n: (-0.3827, 0.0000, -0.9239)			uv: (0.2500, 0.0000)
n: (-0.1988, 0.1988, -0.9597)			uv: (0.1274, 0.1274)
n: (0.0000, 0.1951, -0.9808)			uv: (0.0000, 0.1250)
n: (-0.1951, 0.0000, -0.9808)			uv: (0.1250, 0.0000)
n: (-0.1988, 0.1988, -0.9597)			uv: (0.1274, 0.1274)
n: (0.0000, 0.1951, -0.9808)			uv: (0.0000, 0.1250)
n: (-0.1988, 0.1988, -0.9597)			uv: (0.1274, 0.1274)
n: (0.0000, 0.3827, -0.9239)			uv: (0.0000, 0.2500)
n: (-0.3827, 0.0000, -0.9239)			uv: (0.2500, 0.0000)
n: (-0.5556, 0.0000, -0.8315)			uv: (0.3750, 0.0000)
n: (-0.4046, 0.2088, -0.8903)			uv: (0.2652, 0.1339)
n: (-0.5556, 0.0000, -0.8315)			uv: (0.3750, 0.0000)
n: (-0.7071, 0.0000, -0.7071)			uv: (0.5000, 0.0000)
n: (-0.5774, 0.2113, -0.7887)			uv: (0.3918, 0.1356)
n: (-0.4046, 0.2088, -0.8903)			uv: (0.2652, 0.1339)
n: (-0.5556, 0.0000, -0.8315)			uv: (0.3750, 0.0000)
n: (-0.5774, 0.2113, -0.7887)			uv: (0.3918, 0.1356)
n: (-0.4046, 0.2088, -0.8903)			uv: (0.2652, 0.1339)
n: (-0.5774, 0.2113, -0.7887)			uv: (0.3918, 0.1356)
n: (-0.4082, 0.4082, -0.8165)			uv: (0.2677, 0.2677)
n: (0.0000, 0.3827, -0.9239)			uv: (0.0000, 0.2500)
n: (-0.1988, 0.1988, -0.9597)			uv: (0.1274, 0.1274)
n: (-0.2088, 0.4046, -0.8903)			uv: (0.1339, 0.2652)
n: (-0.1988, 0.1988, -0.9597)			uv: (0.1274, 0.1274)
n: (-0.3827, 0.0000, -0.9239)			uv: (0.2500, 0.0000)
n: (-0.4046, 0.2088, -0.8903)			uv: (0.2652, 0.1339)
n: (-0.2088, 0.4046, -0.8903)			uv: (0.1339, 0.2652)
n: (-0.1988, 0.1988, -0.9597)			uv: (0.1274, 0.1274)
n: (-0.4046, 0.2088, -0.8903)			uv: (0.2652, 0.1339)
n: (-0.2088, 0.4046, -0.8903)			uv: (0.1339, 0.2652)
n: (-0.4046, 0.2088, -0.8903)			uv: (0.2652, 0.1339)
n: (-0.4082, 0.4082, -0.8165)			uv: (0.2677, 0.2677)
n: (0.0000, 0.3827, -0.9239)			uv: (0.0000, 0.2500)
n: (-0.2088, 0.4046, -0.8903)			uv: (0.1339, 0.2652)
n: (0.0000, 0.5556, -0.8315)			uv: (0.0000, 0.3750)
n: (-0.2088, 0.4046, -0.8903)			uv: (0.1339, 0.2652)
n: (-0.4082, 0.4082, -0.8165)			uv: (0.2677, 0.2677)
n: (-0.2113, 0.5774, -0.7887)			uv: (0.1356, 0.3918)
n: (0.0000, 0.5556, -0.8315)			uv: (0.0000, 0.3750)
n: (-0.2088, 0.4046, -0.8903)			uv: (0.1339, 0.2652)
n: (-0.2113, 0.5774, -0.7887)			uv: (0.1356, 0.3918)
n: (0.0000, 0.5556, -0.8315)			uv: (0.0000, 0.3750)
n: (-0.2113, 0.5774, -0.7887)			uv: (0.1356, 0.3918)
n: (0.0000, 0.7071, -0.7071)			uv: (0.0000, 0.5000)
n: (-0.7071, 0.0000, -0.7071)			uv: (0.5000, 0.0000)
n: (-0.8315, 0.0000, -0.5556)			uv: (0.6250, 0.0000)
n: (-0.7887, 0.2113, -0.5774)			uv: (0.5785, 0.1356)
n: (-0.8315, 0.0000, -0.5556)			uv: (0.6250, 0.0000)
n: (-0.9239, 0.0000, -0.3827)			uv: (0.7500, 0.0000)
n: (-0.8903, 0.2088, -0.4046)			uv: (0.6990, 0.1339)
n: (-0.7887, 0.2113, -0.5774)			uv: (0.5785, 0.1356)
n: (-0.8315, 0.0000, -0.5556)			uv: (0.6250, 0.0000)
n: (-0.8903, 0.2088, -0.4046)			uv: (0.6990, 0.1339)
n: (-0.7887, 0.2113, -0.5774)			uv: (0.5785, 0.1356)
n: (-0.8903, 0.2088, -0.4046)			uv: (0.6990, 0.1339)
n: (-0.8165, 0.4082, -0.4082)			uv: (0.6082, 0.2677)
n: (-0.9239, 0.0000, -0.3827)			uv: (0.7500, 0.0000)
n: (-0.9808, 0.0000, -0.1951)			uv: (0.8750, 0.0000)
n: (-0.9597, 0.1988, -0.1988)			uv: (0.8186, 0.1274)
n: (-0.9808, 0.0000, -0.1951)			uv: (0.8750, 0.0000)
n: (-1.0000, 0.0000, 0.0000)			uv: (1.0000, 0.0000)
n: (-0.9808, 0.1951, 0.0000)			uv: (0.8750, 0.1250)
n: (-0.9597, 0.1988, -0.1988)			uv: (0.8186, 0.1274)
n: (-0.9808, 0.0000, -0.1951)			uv: (0.8750, 0.0000)
n: (-0.9808, 0.1951, 0.0000)			uv: (0.8750, 0.1250)
n: (-0.9597, 0.1988, -0.1988)			uv: (0.8186, 0.1274)
n: (-0.9808, 0.1951, 0.0000)			uv: (0.8750, 0.1250)
n: (-0.9239, 0.3827, 0.0000)			uv: (0.7500, 0.2500)
n: (-0.8165, 0.4082, -0.4082)			uv: (0.6082, 0.2677)
n: (-0.8903, 0.2088, -0.4046)			uv: (0.6990, 0.1339)
n: (-0.8903, 0.4046, -0.2088)			uv: (0.6990, 0.2652)
n: (-0.8903, 0.2088, -0.4046)			uv: (0.6990, 0.1339)
n: (-0.9239, 0.0000, -0.3827)			uv: (0.7500, 0.0000)
n: (-0.9597, 0.1988, -0.1988)			uv: (0.8186, 0.1274)
n: (-0.8903, 0.4046, -0.2088)			uv: (0.6990, 0.2652)
n: (-0.8903, 0.2088, -0.4046)			uv: (0.6990, 0.1339)
n: (-0.9597, 0.1988, -0.1988)			uv: (0.8186, 0.1274)
n: (-0.8903, 0.4046, -0.2088)			uv: (0.6990, 0.2652)
n: (-0.9597, 0.1988, -0.1988)			uv: (0.8186, 0.1274)
n: (-0.9239, 0.3827, 0.0000)			uv: (0.7500, 0.2500)
n: (-0.8165, 0.4082, -0.4082)			uv: (0.6082, 0.2677)
n: (-0.8903, 0.4046, -0.2088)			uv: (0.6990, 0.2652)
n: (-0.7887, 0.5774, -0.2113)			uv: (0.5785, 0.3918)
n: (-0.8903, 0.4046, -0.2088)			uv: (0.6990, 0.2652)
n: (-0.9239, 0.3827, 0.0000)			uv: (0.7500, 0.2500)
n: (-0.8315, 0.5556, 0.0000)			uv: (0.6250, 0.3750)
n: (-0.7887, 0.5774, -0.2113)			uv: (0.5785, 0.3918)
n: (-0.8903, 0.4046, -0.2088)			uv: (0.6990, 0.2652)
n: (-0.8315, 0.5556, 0.0000)			uv: (0.6250, 0.3750)
n: (-0.7887, 0.5774, -0.2113)			uv: (0.5785, 0.3918)
n: (-0.8315, 0.5556, 0.0000)			uv: (0.6250, 0.3750)
n: (-0.7071, 0.7071, 0.0000)			uv: (0.5000, 0.5000)
n: (0.0000, 0.7071, -0.7071)			uv: (0.0000, 0.5000)
n: (-0.2113, 0.5774, -0.7887)			uv: (0.1356, 0.3918)
n: (-0.2113, 0.7887, -0.5774)			uv: (0.1356, 0.5785)
n: (-0.2113, 0.5774, -0.7887)			uv: (0.1356, 0.3918)
n: (-0.4082, 0.4082, -0.8165)			uv: (0.2677, 0.2677)
n: (-0.4264, 0.6396, -0.6396)			uv: (0.2804, 0.4418)
n: (-0.2113, 0.7887, -0.5774)			uv: (0.1356, 0.5785)
n: (-0.2113, 0.5774, -0.7887)			uv: (0.1356, 0.3918)
n: (-0.4264, 0.6396, -0.6396)			uv: (0.2804, 0.4418)
n: (-0.2113, 0.7887, -0.5774)			uv: (0.1356, 0.5785)
n: (-0.4264, 0.6396, -0.6396)			uv: (0.2804, 0.4418)
n: (-0.4082, 0.8165, -0.4082)			uv: (0.2677, 0.6082)
n: (-0.4082, 0.4082, -0.8165)			uv: (0.2677, 0.2677)
n: (-0.5774, 0.2113, -0.7887)			uv: (0.3918, 0.1356)
n: (-0.6396, 0.4264, -0.6396)			uv: (0.4418, 0.2804)
n: (-0.5774, 0.2113, -0.7887)			uv: (0.3918, 0.1356)
n: (-0.7071, 0.0000, -0.7071)			uv: (0.5000, 0.0000)
n: (-0.7887, 0.2113, -0.5774)			uv: (0.5785, 0.1356)
n: (-0.6396, 0.4264, -0.6396)			uv: (0.4418, 0.2804)
n: (-0.5774, 0.2113, -0.7887)			uv: (0.3918, 0.1356)
n: (-0.7887, 0.2113, -0.5774)			uv: (0.5785, 0.1356)
n: (-0.6396, 0.4264, -0.6396)			uv: (0.4418, 0.2804)
n: (-0.7887, 0.2113, -0.5774)			uv: (0.5785, 0.1356)
n: (-0.8165, 0.4082, -0.4082)			uv: (0.6082, 0.2677)
n: (-0.4082, 0.8165, -0.4082)			uv: (0.2677, 0.6082)
n: (-0.4264, 0.6396, -0.6396)			uv: (0.2804, 0.4418)
n: (-0.6396, 0.6396, -0.4264)			uv: (0.4418, 0.4418)
n: (-0.4264, 0.6396, -0.6396)			uv: (0.2804, 0.4418)
n: (-0.4082, 0.4082, -0.8165)			uv: (0.2677, 0.2677)
n: (-0.6396, 0.4264, -0.6396)			uv: (0.4418, 0.2804)
n: (-0.6396, 0.6396, -0.4264)			uv: (0.4418, 0.4418)
n: (-0.4264, 0.6396, -0.6396)			uv: (0.2804, 0.4418)
n: (-0.6396, 0.4264, -0.6396)			uv: (0.4418, 0.2804)
n: (-0.6396, 0.6396, -0.4264)			uv: (0.4418, 0.4418)
n: (-0.6396, 0.4264, -0.6396)			uv: (0.4418, 0.2804)
n: (-0.8165, 0.4082, -0.4082)			uv: (0.6082, 0.2677)
n: (-0.4082, 0.8165, -0.4082)			uv: (0.2677, 0.6082)
n: (-0.6396, 0.6396, -0.4264)			uv: (0.4418, 0.4418)
n: (-0.5774, 0.7887, -0.2113)			uv: (0.3918, 0.5785)
n: (-0.6396, 0.6396, -0.4264)			uv: (0.4418, 0.4418)
n: (-0.8165, 0.4082, -0.4082)			uv: (0.6082, 0.2677)
n: (-0.7887, 0.5774, -0.2113)			uv: (0.5785, 0.3918)
n: (-0.5774, 0.7887, -0.2113)			uv: (0.3918, 0.5785)
n: (-0.6396, 0.6396, -0.4264)			uv: (0.4418, 0.4418)
n: (-0.7887, 0.5774, -0.2113)			uv: (0.5785, 0.3918)
n: (-0.5774, 0.7887, -0.2113)			uv: (0.3918, 0.5785)
n: (-0.7887, 0.5774, -0.2113)			uv: (0.5785, 0.3918)
n: (-0.7071, 0.7071, 0.0000)			uv: (0.5000, 0.5000)
n: (0.0000, 0.7071, -0.7071)			uv: (0.0000, 0.5000)
n: (-0.2113, 0.7887, -0.5774)			uv: (0.1356, 0.5785)
n: (0.0000, 0.8315, -0.5556)			uv: (0.0000, 0.6250)
n: (-0.2113, 0.7887, -0.5774)			uv: (0.1356, 0.5785)
n: (-0.4082, 0.8165, -0.4082)			uv: (0.2677, 0.6082)
n: (-0.2088, 0.8903, -0.4046)			uv: (0.1339, 0.6990)
n: (0.0000, 0.8315, -0.5556)			uv: (0.0000, 0.6250)
n: (-0.2113, 0.7887, -0.5774)			uv: (0.1356, 0.5785)
n: (-0.2088, 0.8903, -0.4046)			uv: (0.1339, 0.6990)
n: (0.0000, 0.8315, -0.5556)			uv: (0.0000, 0.6250)
n: (-0.2088, 0.8903, -0.4046)			uv: (0.1339, 0.6990)
n: (0.0000, 0.9239, -0.3827)			uv: (0.0000, 0.7500)
n: (-0.4082, 0.8165, -0.4082)			uv: (0.2677, 0.6082)
n: (-0.5774, 0.7887, -0.2113)			uv: (0.3918, 0.5785)
n: (-0.4046, 0.8903, -0.2088)			uv: (0.2652, 0.6990)
n: (-0.5774, 0.7887, -0.2113)			uv: (0.3918, 0.5785)
n: (-0.7071, 0.7071, 0.0000)			uv: (0.5000, 0.5000)
n: (-0.5556, 0.8315, 0.0000)			uv: (0.3750, 0.6250)
n: (-0.4046, 0.8903, -0.2088)			uv: (0.2652, 0.6990)
n: (-0.5774, 0.7887, -0.2113)			uv: (0.3918, 0.5785)
n: (-0.5556, 0.8315, 0.0000)			uv: (0.3750, 0.6250)
n: (-0.4046, 0.8903, -0.2088)			uv: (0.2652, 0.6990)
n: (-0.5556, 0.8315, 0.0000)			uv: (0.3750, 0.6250)
n: (-0.3827, 0.9239, 0.0000)			uv: (0.2500, 0.7500)
n: (0.0000, 0.9239, -0.3827)			uv: (0.0000, 0.7500)
n: (-0.2088, 0.8903, -0.4046)			uv: (0.1339, 0.6990)
n: (-0.1988, 0.9597, -0.1988)			uv: (0.1274, 0.8186)
n: (-0.2088, 0.8903, -0.4046)			uv: (0.1339, 0.6990)
n: (-0.4082, 0.8165, -0.4082)			uv: (0.2677, 0.6082)
n: (-0.4046, 0.8903, -0.2088)			uv: (0.2652, 0.6990)
n: (-0.1988, 0.9597, -0.1988)			uv: (0.1274, 0.8186)
n: (-0.2088, 0.8903, -0.4046)			uv: (0.1339, 0.6990)
n: (-0.4046, 0.8903, -0.2088)			uv: (0.2652, 0.6990)
n: (-0.1988, 0.9597, -0.1988)			uv: (0.1274, 0.8186)
n: (-0.4046, 0.8903, -0.2088)			uv: (0.2652, 0.6990)
n: (-0.3827, 0.9239, 0.0000)			uv: (0.2500, 0.7500)
n: (0.0000, 0.9239, -0.3827)			uv: (0.0000, 0.7500)
n: (-0.1988, 0.9597, -0.1988)			uv: (0.1274, 0.8186)
n: (0.0000, 0.9808, -0.1951)			uv: (0.0000, 0.8750)
n: (-0.1988, 0.9597, -0.1988)			uv: (0.1274, 0.8186)
n: (-0.3827, 0.9239, 0.0000)			uv: (0.2500, 0.7500)
n: (-0.1951, 0.9808, 0.0000)			uv: (0.1250, 0.8750)
n: (0.0000, 0.9808, -0.1951)			uv: (0.0000, 0.8750)
n: (-0.1988, 0.9597, -0.1988)			uv: (0.1274, 0.8186)
n: (-0.1951, 0.9808, 0.0000)			uv: (0.1250, 0.8750)
n: (0.0000, 0.9808, -0.1951)			uv: (0.0000, 0.8750)
n: (-0.1951, 0.9808, 0.0000)			uv: (0.1250, 0.8750)
n: (0.0000, 1.0000, 0.0000)			uv: (0.0000, 1.0000)
n: (0.0000, 0.0000, -1.0000)			uv: (0.0000, 0.0000)
n: (0.0000, -0.1951, -0.9808)			uv: (0.0000, 0.1250)
n: (-0.1951, 0.0000, -0.9808)			uv: (0.1250, 0.0000)
n: (0.0000, -0.1951, -0.9808)			uv: (0.0000, 0.1250)
n: (0.0000, -0.3827, -0.9239)			uv: (0.0000, 0.2500)
n: (-0.1988, -0.1988, -0.9597)			uv: (0.1274, 0.1274)
n: (-0.1951, 0.0000, -0.9808)			uv: (0.1250, 0.0000)
n: (0.0000, -0.1951, -0.9808)			uv: (0.0000, 0.1250)
n: (-0.1988, -0.1988, -0.9597)			uv: (0.1274, 0.1274)
n: (-0.1951, 0.0000, -0.9808)			uv: (0.1250, 0.0000)
n: (-0.1988, -0.1988, -0.9597)			uv: (0.1274, 0.1274)
n: (-0.3827, 0.0000, -0.9239)			uv: (0.2500, 0.0000)
n: (0.0000, -0.3827, -0.9239)			uv: (0.0000, 0.2500)
n: (0.0000, -0.5556, -0.8315)			uv: (0.0000, 0.3750)
n: (-0.2088, -0.4046, -0.8903)			uv: (0.1339, 0.2652)
n: (0.0000, -0.5556, -0.8315)			uv: (0.0000, 0.3750)
n: (0.0000, -0.7071, -0.7071)			uv: (0.0000, 0.5000)
n: (-0.2113, -0.5774, -0.7887)			uv: (0.1356, 0.3918)
n: (-0.2088, -0.4046, -0.8903)			uv: (0.1339, 0.2652)
n: (0.0000, -0.5556, -0.8315)			uv: (0.0000, 0.3750)
n: (-0.2113, -0.5774, -0.7887)			uv: (0.1356, 0.3918)
n: (-0.2088, -0.4046, -0.8903)			uv: (0.1339, 0.2652)
n: (-0.2113, -0.5774, -0.7887)			uv: (0.1356, 0.3918)
n: (-0.4082, -0.4082, -0.8165)			uv: (0.2677, 0.2677)
n: (-0.3827, 0.0000, -0.9239)			uv: (0.2500, 0.0000)
n: (-0.1988, -0.1988, -0.9597)			uv: (0.1274, 0.1274)
n: (-0.4046, -0.2088, -0.8903)			uv: (0.2652, 0.1339)
n: (-0.1988, -0.1988, -0.9597)			uv: (0.1274, 0.1274)
n: (0.0000, -0.3827, -0.9239)			uv: (0.0000, 0.2500)
n: (-0.2088, -0.4046, -0.8903)			uv: (0.1339, 0.2652)
n: (-0.4046, -0.2088, -0.8903)			uv: (0.2652, 0.1339)
n: (-0.1988, -0.1988, -0.9597)			uv: (0.1274, 0.1274)
n: (-0.2088, -0.4046, -0.8903)			uv: (0.1339, 0.2652)
n: (-0.4046, -0.2088, -0.8903)			uv: (0.2652, 0.1339)
n: (-0.2088, -0.4046, -0.8903)			uv: (0.1339, 0.2652)
n: (-0.4082, -0.4082, -0.8165)			uv: (0.2677, 0.2677)
n: (-0.3827, 0.0000, -0.9239)			uv: (0.2500, 0.0000)
n: (-0.4046, -0.2088, -0.8903)			uv: (0.2652, 0.1339)
n: (-0.5556, 0.0000, -0.8315)			uv: (0.3750, 0.0000)
n: (-0.4046, -0.2088, -0.8903)			uv: (0.2652, 0.1339)
n: (-0.4082, -0.4082, -0.8165)			uv: (0.2677, 0.2677)
n: (-0.5774, -0.2113, -0.7887)			uv: (0.3918, 0.1356)
n: (-0.5556, 0.0000, -0.8315)			uv: (0.3750, 0.0000)
n: (-0.4046, -0.2088, -0.8903)			uv: (0.2652, 0.1339)
n: (-0.5774, -0.2113, -0.7887)			uv: (0.3918, 0.1356)
n: (-0.5556, 0.0000, -0.8315)			uv: (0.3750, 0.0000)
n: (-0.5774, -0.2113, -0.7887)			uv: (0.3918, 0.1356)
n: (-0.7071, 0.0000, -0.7071)			uv: (0.5000, 0.0000)
n: (0.0000, -0.7071, -0.7071)			uv: (0.0000, 0.5000)
n: (0.0000, -0.8315, -0.5556)			uv: (0.0000, 0.6250)
n: (-0.2113, -0.7887, -0.5774)			uv: (0.1356, 0.5785)
n: (0.0000, -0.8315, -0.5556)			uv: (0.0000, 0.6250)
n: (0.0000, -0.9239, -0.3827)			uv: (0.0000, 0.7500)
n: (-0.2088, -0.8903, -0.4046)			uv: (0.1339, 0.6990)
n: (-0.2113, -0.7887, -0.5774)			uv: (0.1356, 0.5785)
n: (0.0000, -0.8315, -0.5556)			uv: (0.0000, 0.6250)
n: (-0.2088, -0.8903, -0.4046)			uv: (0.1339, 0.6990)
n: (-0.2113, -0.7887, -0.5774)			uv: (0.1356, 0.5785)
n: (-0.2088, -0.8903, -0.4046)			uv: (0.1339, 0.6990)
n: (-0.4082, -0.8165, -0.4082)			uv: (0.2677, 0.6082)
n: (0.0000, -0.9239, -0.3827)			uv: (0.0000, 0.7500)
n: (0.0000, -0.9808, -0.1951)			uv: (0.0000, 0.8750)
n: (-0.1988, -0.9597, -0.1988)			uv: (0.1274, 0.8186)
n: (0.0000, -0.9808, -0.1951)			uv: (0.0000, 0.8750)
n: (0.0000, -1.0000, 0.0000)			uv: (0.0000, 1.0000)
n: (-0.1951, -0.9808, 0.0000)			uv: (0.1250, 0.8750)
n: (-0.1988, -0.9597, -0.1988)			uv: (0.1274, 0.8186)
n: (0.0000, -0.9808, -0.1951)			uv: (0.0000, 0.8750)
n: (-0.1951, -0.9808, 0.0000)			uv: (0.1250, 0.8750)
n: (-0.1988, -0.9597, -0.1988)			uv: (0.1274, 0.8186)
n: (-0.1951, -0.9808, 0.0000)			uv: (0.1250, 0.8750)
n: (-0.3827, -0.9239, 0.0000)			uv: (0.2500, 0.7500)
n: (-0.4082, -0.8165, -0.4082)			uv: (0.2677, 0.6082)
n: (-0.2088, -0.8903, -0.4046)			uv: (0.1339, 0.6990)
n: (-0.4046, -0.8903, -0.2088)			uv: (0.2652, 0.6990)
n: (-0.2088, -0.8903, -0.4046)			uv: (0.1339, 0.6990)
n: (0.0000, -0.9239, -0.3827)			uv: (0.0000, 0.7500)
n: (-0.1988, -0.9597, -0.1988)			uv: (0.1274, 0.8186)
n: (-0.4046, -0.8903, -0.2088)			uv: (0.2652, 0.6990)
n: (-0.2088, -0.8903, -0.4046)			uv: (0.1339, 0.6990)
n: (-0.1988, -0.9597, -0.1988)			uv: (0.1274, 0.8186)
n: (-0.4046, -0.8903, -0.2088)			uv: (0.2652, 0.6990)
n: (-0.1988, -0.9597, -0.1988)			uv: (0.1274, 0.8186)
n: (-0.3827, -0.9239, 0.0000)			uv: (0.2500, 0.7500)
n: (-0.4082, -0.8165, -0.4082)			uv: (0.2677, 0.6082)
n: (-0.4046, -0.8903, -0.2088)			uv: (0.2652, 0.6990)
n: (-0.5774, -0.7887, -0.2113)			uv: (0.3918, 0.5785)
n: (-0.4046, -0.8903, -0.2088)			uv: (0.2652, 0.6990)
n: (-0.3827, -0.9239, 0.0000)			uv: (0.2500, 0.7500)
n: (-0.5556, -0.8315, 0.0000)			uv: (0.3750, 0.6250)
n: (-0.5774, -0.7887, -0.2113)			uv: (0.3918, 0.5785)
n: (-0.4046, -0.8903, -0.2088)			uv: (0.2652, 0.6990)
n: (-0.5556, -0.8315, 0.0000)			uv: (0.3750, 0.6250)
n: (-0.5774, -0.7887, -0.2113)			uv: (0.3918, 0.5785)
n: (-0.5556, -0.8315, 0.0000)			uv: (0.3750, 0.6250)
n: (-0.7071, -0.7071, 0.0000)			uv: (0.5000, 0.5000)
n: (-0.7071, 0.0000, -0.7071)			uv: (0.5000, 0.0000)
n: (-0.5774, -0.2113, -0.7887)			uv: (0.3918, 0.1356)
n: (-0.7887, -0.2113, -0.5774)			uv: (0.5785, 0.1356)
n: (-0.5774, -0.2113, -0.7887)			uv: (0.3918, 0.1356)
n: (-0.4082, -0.4082, -0.8165)			uv: (0.2677, 0.2677)
n: (-0.6396, -0.4264, -0.6396)			uv: (0.4418, 0.2804)
n: (-0.7887, -0.2113, -0.5774)			uv: (0.5785, 0.1356)
n: (-0.5774, -0.2113, -0.7887)			uv: (0.3918, 0.1356)
n: (-0.6396, -0.4264, -0.6396)			uv: (0.4418, 0.2804)
n: (-0.7887, -0.2113, -0.5774)			uv: (0.5785, 0.1356)
n: (-0.6396, -0.4264, -0.6396)			uv: (0.4418, 0.2804)
n: (-0.8165, -0.4082, -0.4082)			uv: (0.6082, 0.2677)
n: (-0.4082, -0.4082, -0.8165)			uv: (0.2677, 0.2677)
n: (-0.2113, -0.5774, -0.7887)			uv: (0.1356, 0.3918)
n: (-0.4264, -0.6396, -0.6396)			uv: (0.2804, 0.4418)
n: (-0.2113, -0.5774, -0.7887)			uv: (0.1356, 0.3918)
n: (0.0000, -0.7071, -0.7071)			uv: (0.0000, 0.5000)
n: (-0.2113, -0.7887, -0.5774)			uv: (0.1356, 0.5785)
n: (-0.4264, -0.6396, -0.6396)			uv: (0.2804, 0.4418)
n: (-0.2113, -0.5774, -0.7887)			uv: (0.1356, 0.3918)
n: (-0.2113, -0.7887, -0.5774)			uv: (0.1356, 0.5785)
n: (-0.4264, -0.6396, -0.6396)			uv: (0.2804, 0.4418)
n: (-0.2113, -0.7887, -0.5774)			uv: (0.1356, 0.5785)
n: (-0.4082, -0.8165, -0.4082)			uv: (0.2677, 0.6082)
n: (-0.8165, -0.4082, -0.4082)			uv: (0.6082, 0.2677)
n: (-0.6396, -0.4264, -0.6396)			uv: (0.4418, 0.2804)
n: (-0.6396, -0.6396, -0.4264)			uv: (0.4418, 0.4418)
n: (-0.6396, -0.4264, -0.6396)			uv: (0.4418, 0.2804)
n: (-0.4082, -0.4082, -0.8165)			uv: (0.2677, 0.2677)
n: (-0.4264, -0.6396, -0.6396)			uv: (0.2804, 0.4418)
n: (-0.6396, -0.6396, -0.4264)			uv: (0.4418, 0.4418)
n: (-0.6396, -0.4264, -0.6396)			uv: (0.4418, 0.2804)
n: (-0.4264, -0.6396, -0.6396)			uv: (0.2804, 0.4418)
n: (-0.6396, -0.6396, -0.4264)			uv: (0.4418, 0.4418)
n: (-0.4264, -0.6396, -0.6396)			uv: (0.2804, 0.4418)
n: (-0.4082, -0.8165, -0.4082)			uv: (0.2677, 0.6082)
n: (-0.8165, -0.4082, -0.4082)			uv: (0.6082, 0.2677)
n: (-0.6396, -0.6396, -0.4264)			uv: (0.4418, 0.4418)
n: (-0.7887, -0.5774, -0.2113)			uv: (0.5785, 0.3918)
n: (-0.6396, -0.6396, -0.4264)			uv: (0.4418, 0.4418)
n: (-0.4082, -0.8165, -0.4082)			uv: (0.2677, 0.6082)
n: (-0.5774, -0.7887, -0.2113)			uv: (0.3918, 0.5785)
n: (-0.7887, -0.5774, -0.2113)			uv: (0.5785, 0.3918)
n: (-0.6396, -0.6396, -0.4264)			uv: (0.4418, 0.4418)
n: (-0.5774, -0.7887, -0.2113)			uv: (0.3918, 0.5785)
n: (-0.7887, -0.5774, -0.2113)			uv: (0.5785, 0.3918)
n: (-0.5774, -0.7887, -0.2113)			uv: (0.3918, 0.5785)
n: (-0.7071, -0.7071, 0.0000)			uv: (0.5000, 0.5000)
n: (-0.7071, 0.0000, -0.7071)			uv: (0.5000, 0.0000)
n: (-0.7887, -0.2113, -0.5774)			uv: (0.5785, 0.1356)
n: (-0.8315, 0.0000, -0.5556)			uv: (0.6250, 0.0000)
n: (-0.7887, -0.2113, -0.5774)			uv: (0.5785, 0.1356)
n: (-0.8165, -0.4082, -0.4082)			uv: (0.6082, 0.2677)
n: (-0.8903, -0.2088, -0.4046)			uv: (0.6990, 0.1339)
n: (-0.8315, 0.0000, -0.5556)			uv: (0.6250, 0.0000)
n: (-0.7887, -0.2113, -0.5774)			uv: (0.5785, 0.1356)
n: (-0.8903, -0.2088, -0.4046)			uv: (0.6990, 0.1339)
n: (-0.8315, 0.0000, -0.5556)			uv: (0.6250, 0.0000)
n: (-0.8903, -0.2088, -0.4046)			uv: (0.6990, 0.1339)
n: (-0.9239, 0.0000, -0.3827)			uv: (0.7500, 0.0000)
n: (-0.8165, -0.4082, -0.4082)			uv: (0.6082, 0.2677)
n: (-0.7887, -0.5774, -0.2113)			uv: (0.5785, 0.3918)
n: (-0.8903, -0.4046, -0.2088)			uv: (0.6990, 0.2652)
n: (-0.7887, -0.5774, -0.2113)			uv: (0.5785, 0.3918)
n: (-0.7071, -0.7071, 0.0000)			uv: (0.5000, 0.5000)
n: (-0.8315, -0.5556, 0.0000)			uv: (0.6250, 0.3750)
n: (-0.8903, -0.4046, -0.2088)			uv: (0.6990, 0.2652)
n: (-0.7887, -0.5774, -0.2113)			uv: (0.5785, 0.3918)
n: (-0.8315, -0.5556, 0.0000)			uv: (0.6250, 0.3750)
n: (-0.8903, -0.4046, -0.2088)			uv: (0.6990, 0.2652)
n: (-0.8315, -0.5556, 0.0000)			uv: (0.6250, 0.3750)
n: (-0.9239, -0.3827, 0.0000)			uv: (0.7500, 0.2500)
n: (-0.9239, 0.0000, -0.3827)			uv: (0.7500, 0.0000)
n: (-0.8903, -0.2088, -0.4046)			uv: (0.6990, 0.1339)
n: (-0.9597, -0.1988, -0.1988)			uv: (0.8186, 0.1274)
n: (-0.8903, -0.2088, -0.4046)			uv: (0.6990, 0.1339)
n: (-0.8165, -0.4082, -0.4082)			uv: (0.6082, 0.2677)
n: (-0.8903, -0.4046, -0.2088)			uv: (0.6990, 0.2652)
n: (-0.9597, -0.1988, -0.1988)			uv: (0.8186, 0.1274)
n: (-0.8903, -0.2088, -0.4046)			uv: (0.6990, 0.1339)
n: (-0.8903, -0.4046, -0.2088)			uv: (0.6990, 0.2652)
n: (-0.9597, -0.1988, -0.1988)			uv: (0.8186, 0.1274)
n: (-0.8903, -0.4046, -0.2088)			uv: (0.6990, 0.2652)
n: (-0.9239, -0.3827, 0.0000)			uv: (0.7500, 0.2500)
n: (-0.9239, 0.0000, -0.3827)			uv: (0.7500, 0.0000)
n: (-0.9597, -0.1988, -0.1988)			uv: (0.8186, 0.1274)
n: (-0.9808, 0.0000, -0.1951)			uv: (0.8750, 0.0000)
n: (-0.9597, -0.1988, -0.1988)			uv: (0.8186, 0.1274)
n: (-0.9239, -0.3827, 0.0000)			uv: (0.7500, 0.2500)
n: (-0.9808, -0.1951, 0.0000)			uv: (0.8750, 0.1250)
n: (-0.9808, 0.0000, -0.1951)			uv: (0.8750, 0.0000)
n: (-0.9597, -0.1988, -0.1988)			uv: (0.8186, 0.1274)
n: (-0.9808, -0.1951, 0.0000)			uv: (0.8750, 0.1250)
n: (-0.9808, 0.0000, -0.1951)			uv: (0.8750, 0.0000)
n: (-0.9808, -0.1951, 0.0000)			uv: (0.8750, 0.1250)
n: (-1.0000, 0.0000, 0.0000)			uv: (1.0000, 0.0000)
n: (0.0000, 0.0000, -1.0000)			uv: (0.0000, 0.0000)
n: (0.1951, 0.0000, -0.9808)			uv: (0.1250, 0.0000)
n: (0.0000, -0.1951, -0.9808)			uv: (0.0000, 0.1250)
n: (0.1951, 0.0000, -0.9808)			uv: (0.1250, 0.0000)
n: (0.3827, 0.0000, -0.9239)			uv: (0.2500, 0.0000)
n: (0.1988, -0.1988, -0.9597)			uv: (0.1274, 0.1274)
n: (0.0000, -0.1951, -0.9808)			uv: (0.0000, 0.1250)
n: (0.1951, 0.0000, -0.9808)			uv: (0.1250, 0.0000)
n: (0.1988, -0.1988, -0.9597)			uv: (0.1274, 0.1274)
n: (0.0000, -0.1951, -0.9808)			uv: (0.0000, 0.1250)
n: (0.1988, -0.1988, -0.9597)			uv: (0.1274, 0.1274)
n: (0.0000, -0.3827, -0.9239)			uv: (0.0000, 0.2500)
n: (0.3827, 0.0000, -0.9239)			uv: (0.2500, 0.0000)
n: (0.5556, 0.0000, -0.8315)			uv: (0.3750, 0.0000)
n: (0.4046, -0.2088, -0.8903)			uv: (0.2652, 0.1339)
n: (0.5556, 0.0000, -0.8315)			uv: (0.3750, 0.0000)
n: (0.7071, 0.0000, -0.7071)			uv: (0.5000, 0.0000)
n: (0.5774, -0.2113, -0.7887)			uv: (0.3918, 0.1356)
n: (0.4046, -0.2088, -0.8903)			uv: (0.2652, 0.1339)
n: (0.5556, 0.0000, -0.8315)			uv: (0.3750, 0.0000)
n: (0.5774, -0.2113, -0.7887)			uv: (0.3918, 0.1356)
n: (0.4046, -0.2088, -0.8903)			uv: (0.2652, 0.1339)
n: (0.5774, -0.2113, -0.7887)			uv: (0.3918, 0.1356)
n: (0.4082, -0.4082, -0.8165)			uv: (0.2677, 0.2677)
n: (0.0000, -0.3827, -0.9239)			uv: (0.0000, 0.2500)
n: (0.1988, -0.1988, -0.9597)			uv: (0.1274, 0.1274)
n: (0.2088, -0.4046, -0.8903)			uv: (0.1339, 0.2652)
n: (0.1988, -0.1988, -0.9597)			uv: (0.1274, 0.1274)
n: (0.3827, 0.0000, -0.9239)			uv: (0.2500, 0.0000)
n: (0.4046, -0.2088, -0.8903)			uv: (0.2652, 0.1339)
n: (0.2088, -0.4046, -0.8903)			uv: (0.1339, 0.2652)
n: (0.1988, -0.1988, -0.9597)			uv: (0.1274, 0.1274)
n: (0.4046, -0.2088, -0.8903)			uv: (0.2652, 0.1339)
n: (0.2088, -0.4046, -0.8903)			uv: (0.1339, 0.2652)
n: (0.4046, -0.2088, -0.8903)			uv: (0.2652, 0.1339)
n: (0.4082, -0.4082, -0.8165)			uv: (0.2677, 0.2677)
n: (0.0000, -0.3827, -0.9239)			uv: (0.0000, 0.2500)
n: (0.2088, -0.4046, -0.8903)			uv: (0.1339, 0.2652)
n: (0.0000, -0.5556, -0.8315)			uv: (0.0000, 0.3750)
n: (0.2088, -0.4046, -0.8903)			uv: (0.1339, 0.2652)
n: (0.4082, -0.4082, -0.8165)			uv: (0.2677, 0.2677)
n: (0.2113, -0.5774, -0.7887)			uv: (0.1356, 0.3918)
n: (0.0000, -0.5556, -0.8315)			uv: (0.0000, 0.3750)
n: (0.2088, -0.4046, -0.8903)			uv: (0.1339, 0.2652)
n: (0.2113, -0.5774, -0.7887)			uv: (0.1356, 0.3918)
n: (0.0000, -0.5556, -0.8315)			uv: (0.0000, 0.3750)
n: (0.2113, -0.5774, -0.7887)			uv: (0.1356, 0.3918)
n: (0.0000, -0.7071, -0.7071)			uv: (0.0000, 0.5000)
n: (0.7071, 0.0000, -0.7071)			uv: (0.5000, 0.0000)
n: (0.8315, 0.0000, -0.5556)			uv: (0.6250, 0.0000)
n: (0.7887, -0.2113, -0.5774)			uv: (0.5785, 0.1356)
n: (0.8315, 0.0000, -0.5556)			uv: (0.6250, 0.0000)
n: (0.9239, 0.0000, -0.3827)			uv: (0.7500, 0.0000)
n: (0.8903, -0.2088, -0.4046)			uv: (0.6990, 0.1339)
n: (0.7887, -0.2113, -0.5774)			uv: (0.5785, 0.1356)
n: (0.8315, 0.0000, -0.5556)			uv: (0.6250, 0.0000)
n: (0.8903, -0.2088, -0.4046)			uv: (0.6990, 0.1339)
n: (0.7887, -0.2113, -0.5774)			uv: (0.5785, 0.1356)
n: (0.8903, -0.2088, -0.4046)			uv: (0.6990, 0.1339)
n: (0.8165, -0.4082, -0.4082)			uv: (0.6082, 0.2677)
n: (0.9239, 0.0000, -0.3827)			uv: (0.7500, 0.0000)
n: (0.9808, 0.0000, -0.1951)			uv: (0.8750, 0.0000)
n: (0.9597, -0.1988, -0.1988)			uv: (0.8186, 0.1274)
n: (0.9808, 0.0000, -0.1951)			uv: (0.8750, 0.0000)
n: (1.0000, 0.0000, 0.0000)			uv: (1.0000, 0.0000)
n: (0.9808, -0.1951, 0.0000)			uv: (0.8750, 0.1250)
n: (0.9597, -0.1988, -0.1988)			uv: (0.8186, 0.1274)
n: (0.9808, 0.0000, -0.1951)			uv: (0.8750, 0.0000)
n: (0.9808, -0.1951, 0.0000)			uv: (0.8750, 0.1250)
n: (0.9597, -0.1988, -0.1988)			uv: (0.8186, 0.1274)
n: (0.9808, -0.1951, 0.0000)			uv: (0.8750, 0.1250)
n: (0.9239, -0.3827, 0.0000)			uv: (0.7500, 0.2500)
n: (0.8165, -0.4082, -0.4082)			uv: (0.6082, 0.2677)
n: (0.8903, -0.2088, -0.4046)			uv: (0.6990, 0.1339)
n: (0.8903, -0.4046, -0.2088)			uv: (0.6990, 0.2652)
n: (0.8903, -0.2088, -0.4046)			uv: (0.6990, 0.1339)
n: (0.9239, 0.0000, -0.3827)			uv: (0.7500, 0.0000)
n: (0.9597, -0.1988, -0.1988)			uv: (0.8186, 0.1274)
n: (0.8903, -0.4046, -0.2088)			uv: (0.6990, 0.2652)
n: (0.8903, -0.2088, -0.4046)			uv: (0.6990, 0.1339)
n: (0.9597, -0.1988, -0.1988)			uv: (0.8186, 0.1274)
n: (0.8903, -0.4046, -0.2088)			uv: (0.6990, 0.2652)
n: (0.9597, -0.1988, -0.1988)			uv: (0.8186, 0.1274)
n: (0.9239, -0.3827, 0.0000)			uv: (0.7500, 0.2500)
n: (0.8165, -0.4082, -0.4082)			uv: (0.6082, 0.2677)
n: (0.8903, -0.4046, -0.2088)			uv: (0.6990, 0.2652)
n: (0.7887, -0.5774, -0.2113)			uv: (0.5785, 0.3918)
n: (0.8903, -0.4046, -0.2088)			uv: (0.6990, 0.2652)
n: (0.9239, -0.3827, 0.0000)			uv: (0.7500, 0.2500)
n: (0.8315, -0.5556, 0.0000)			uv: (0.6250, 0.3750)
n: (0.7887, -0.5774, -0.2113)			uv: (0.5785, 0.3918)
n: (0.8903, -0.4046, -0.2088)			uv: (0.6990, 0.2652)
n: (0.8315, -0.5556, 0.0000)			uv: (0.6250, 0.3750)
n: (0.7887, -0.5774, -0.2113)			uv: (0.5785, 0.3918)
n: (0.8315, -0.5556, 0.0000)			uv: (0.6250, 0.3750)
n: (0.7071, -0.7071, 0.0000)			uv: (0.5000, 0.5000)
n: (0.0000, -0.7071, -0.7071)			uv: (0.0000, 0.5000)
n: (0.2113, -0.5774, -0.7887)			uv: (0.1356, 0.3918)
n: (0.2113, -0.7887, -0.5774)			uv: (0.1356, 0.5785)
n: (0.2113, -0.5774, -0.7887)			uv: (0.1356, 0.3918)
n: (0.4082, -0.4082, -0.8165)			uv: (0.2677, 0.2677)
n: (0.4264, -0.6396, -0.6396)			uv: (0.2804, 0.4418)
n: (0.2113, -0.7887, -0.5774)			uv: (0.1356, 0.5785)
n: (0.2113, -0.5774, -0.7887)			uv: (0.1356, 0.3918)
n: (0.4264, -0.6396, -0.6396)			uv: (0.2804, 0.4418)
n: (0.2113, -0.7887, -0.5774)			uv: (0.1356, 0.5785)
n: (0.4264, -0.6396, -0.6396)			uv: (0.2804, 0.4418)
n: (0.4082, -0.8165, -0.4082)			uv: (0.2677, 0.6082)
n: (0.4082, -0.4082, -0.8165)			uv: (0.2677, 0.2677)
n: (0.5774, -0.2113, -0.7887)			uv: (0.3918, 0.1356)
n: (0.6396, -0.4264, -0.6396)			uv: (0.4418, 0.2804)
n: (0.5774, -0.2113, -0.7887)			uv: (0.3918, 0.1356)
n: (0.7071, 0.0000, -0.7071)			uv: (0.5000, 0.0000)
n: (0.7887, -0.2113, -0.5774)			uv: (0.5785, 0.1356)
n: (0.6396, -0.4264, -0.6396)			uv: (0.4418, 0.2804)
n: (0.5774, -0.2113, -0.7887)			uv: (0.3918, 0.1356)
n: (0.7887, -0.2113, -0.5774)			uv: (0.5785, 0.1356)
n: (0.6396, -0.4264, -0.6396)			uv: (0.4418, 0.2804)
n: (0.7887, -0.2113, -0.5774)			uv: (0.5785, 0.1356)
n: (0.8165, -0.4082, -0.4082)			uv: (0.6082, 0.2677)
n: (0.4082, -0.8165, -0.4082)			uv: (0.2677, 0.6082)
n: (0.4264, -0.6396, -0.6396)			uv: (0.2804, 0.4418)
n: (0.6396, -0.6396, -0.4264)			uv: (0.4418, 0.4418)
n: (0.4264, -0.6396, -0.6396)			uv: (0.2804, 0.4418)
n: (0.4082, -0.4082, -0.8165)			uv: (0.2677, 0.2677)
n: (0.6396, -0.4264, -0.6396)			uv: (0.4418, 0.2804)
n: (0.6396, -0.6396, -0.4264)			uv: (0.4418, 0.4418)
n: (0.4264, -0.6396, -0.6396)			uv: (0.2804, 0.4418)
n: (0.6396, -0.4264, -0.6396)			uv: (0.4418, 0.2804)
n: (0.6396, -0.6396, -0.4264)			uv: (0.4418, 0.4418)
n: (0.6396, -0.4264, -0.6396)			uv: (0.4418, 0.2804)
n: (0.8165, -0.4082, -0.4082)			uv: (0.6082, 0.2677)
n: (0.4082, -0.8165, -0.4082)			uv: (0.2677, 0.6082)
n: (0.6396, -0.6396, -0.4264)			uv: (0.4418, 0.4418)
n: (0.5774, -0.7887, -0.2113)			uv: (0.3918, 0.5785)
n: (0.6396, -0.6396, -0.4264)			uv: (0.4418, 0.4418)
n: (0.8165, -0.4082, -0.4082)			uv: (0.6082, 0.2677)
n: (0.7887, -0.5774, -0.2113)			uv: (0.5785, 0.3918)
n: (0.5774, -0.7887, -0.2113)			uv: (0.3918, 0.5785)
n: (0.6396, -0.6396, -0.4264)			uv: (0.4418, 0.4418)
n: (0.7887, -0.5774, -0.2113)			uv: (0.5785, 0.3918)
n: (0.5774, -0.7887, -0.2113)			uv: (0.3918, 0.5785)
n: (0.7887, -0.5774, -0.2113)			uv: (0.5785, 0.3918)
n: (0.7071, -0.7071, 0.0000)			uv: (0.5000, 0.5000)
n: (0.0000, -0.7071, -0.7071)			uv: (0.0000, 0.5000)
n: (0.2113, -0.7887, -0.5774)			uv: (0.1356, 0.5785)
n: (0.0000, -0.8315, -0.5556)			uv: (0.0000, 0.6250)
n: (0.2113, -0.7887, -0.5774)			uv: (0.1356, 0.5785)
n: (0.4082, -0.8165, -0.4082)			uv: (0.2677, 0.6082)
n: (0.2088, -0.8903, -0.4046)			uv: (0.1339, 0.6990)
n: (0.0000, -0.8315, -0.5556)			uv: (0.0000, 0.6250)
n: (0.2113, -0.7887, -0.5774)			uv: (0.1356, 0.5785)
n: (0.2088, -0.8903, -0.4046)			uv: (0.1339, 0.6990)
n: (0.0000, -0.8315, -0.5556)			uv: (0.0000, 0.6250)
n: (0.2088, -0.8903, -0.4046)			uv: (0.1339, 0.6990)
n: (0.0000, -0.9239, -0.3827)			uv: (0.0000, 0.7500)
n: (0.4082, -0.8165, -0.4082)			uv: (0.2677, 0.6082)
n: (0.5774, -0.7887, -0.2113)			uv: (0.3918, 0.5785)
n: (0.4046, -0.8903, -0.2088)			uv: (0.2652, 0.6990)
n: (0.5774, -0.7887, -0.2113)			uv: (0.3918, 0.5785)
n: (0.7071, -0.7071, 0.0000)			uv: (0.5000, 0.5000)
n: (0.5556, -0.8315, 0.0000)			uv: (0.3750, 0.6250)
n: (0.4046, -0.8903, -0.2088)			uv: (0.2652, 0.6990)
n: (0.5774, -0.7887, -0.2113)			uv: (0.3918, 0.5785)
n: (0.5556, -0.8315, 0.0000)			uv: (0.3750, 0.6250)
n: (0.4046, -0.8903, -0.2088)			uv: (0.2652, 0.6990)
n: (0.5556, -0.8315, 0.0000)			uv: (0.3750, 0.6250)
n: (0.3827, -0.9239, 0.0000)			uv: (0.2500, 0.7500)
n: (0.0000, -0.9239, -0.3827)			uv: (0.0000, 0.7500)
n: (0.2088, -0.8903, -0.4046)			uv: (0.1339, 0.6990)
n: (0.1988, -0.9597, -0.1988)			uv: (0.1274, 0.8186)
n: (0.2088, -0.8903, -0.4046)			uv: (0.1339, 0.6990)
n: (0.4082, -0.8165, -0.4082)			uv: (0.2677, 0.6082)
n: (0.4046, -0.8903, -0.2088)			uv: (0.2652, 0.6990)
n: (0.1988, -0.9597, -0.1988)			uv: (0.1274, 0.8186)
n: (0.2088, -0.8903, -0.4046)			uv: (0.1339, 0.6990)
n: (0.4046, -0.8903, -0.2088)			uv: (0.2652, 0.6990)
n: (0.1988, -0.9597, -0.1988)			uv: (0.1274, 0.8186)
n: (0.4046, -0.8903, -0.2088)			uv: (0.2652, 0.6990)
n: (0.3827, -0.9239, 0.0000)			uv: (0.2500, 0.7500)
n: (0.0000, -0.9239, -0.3827)			uv: (0.0000, 0.7500)
n: (0.1988, -0.9597, -0.1988)			uv: (0.1274, 0.8186)
n: (0.0000, -0.9808, -0.1951)			uv: (0.0000, 0.8750)
n: (0.1988, -0.9597, -0.1988)			uv: (0.1274, 0.8186)
n: (0.3827, -0.9239, 0.0000)			uv: (0.2500, 0.7500)
n: (0.1951, -0.9808, 0.0000)			uv: (0.1250, 0.8750)
n: (0.0000, -0.9808, -0.1951)			uv: (0.0000, 0.8750)
n: (0.1988, -0.9597, -0.1988)			uv: (0.1274, 0.8186)
n: (0.1951, -0.9808, 0.0000)			uv: (0.1250, 0.8750)
n: (0.0000, -0.9808, -0.1951)			uv: (0.0000, 0.8750)
n: (0.1951, -0.9808, 0.0000)			uv: (0.1250, 0.8750)
n: (0.0000, -1.0000, 0.0000)			uv: (0.0000, 1.0000)
