16 16
6 26  16   1   1   1   1   1   1   1  24  26   1   1   1   1 
6 26   1   1   1  23  22   1   1   1  24  26   1   1   1  23 
6 26   1   1   1  20  21   1   1   1  24  26   1   1   1  20 
6 26   1   1   1   1   1   1   1   1  24  26  16   1   1   1 
6 14  27  27  22   1  23  27  27  27  13  14  27  27  22   1 
6  6   6   6  26   1  24   6   6   6   6   6   6   6  26   1 
6  6   6   6  26   1  24   6   6   6   6   6   6   6  26   1 
6 11  25  25  21   1  20  25  25  25  12  11  25  25  21   1 
6 26   1   1   1   1   1   1   1   1  24  26   1   1  16   1 
6 26   1   1   1  16   1   1   1   1  24  26   1  50   1   1 
6 26   1   1   1  23  22   1   1   1  24  26   1   1   1  23 
6 26   1   1   1  20  21   1   1   1  24  26   1  50   1  20
6 26   1   1   1   1   1   1   1   1  20  21   1   1   1   1
6 26   1   1   1   1   1   1   1   1   1   1   1  50   1  16
6 14  27  27  27  27  27  27  27  27  27  27  27  27  27  27
6  6   6   6   6   6   6   6   6   6   6   6   6   6   6   6