  17   13   21    5    1   25   60    4    9   29 
  17   13    5   21    1   25   60    4    9   29 
  17   13    5   21   29    1   25   60    4    9 
  17   13   21    5   29    1   25   60    4    9 
  17   13   21    5   29    1   25   60    4    9 
  17   13   21    5    1   29   25   60    9    4 
  17   13   21    5    1   29   25   60    9    4 
  17   13   21    5    1   29   25   60    9    4 
  17   13   21    5    1   60   29   25    9    4 
  17   13   21    5    1   29   60   25    9    4 
  17   13    5   21    1   60   29   25    9    4 
  17   13    5   21    1   60   29   25    9    4 
  17   13    5   21    1   60   29   25    9    4 
  17   13    5   21    1   60   29   25    9    4 
  17   13    5   21    1   60   29   25    9    4 
  17   13    5   21    1   60   29   25    9    4 
  17   13    5   21    1   60   29   25    4    9 
  17   13    5   21   60    1   29   25    4    9 
  17   13    5   21   60    1   29   25    4    9 
  17   13    5   21   60    1   29   25    4    9 
  17   13    5   21   60    1   29   25    4    9 
  17   13    5   21   60    1   29   25    4    9 
  17   13    5   21   60    1   29   25    4    9 
  17   13    5   21   60    1   29   25    4    9 
  17   13    5   21   60   29    1   25    4    9 
  17   13    5   21   60   29    1   25    4    9 
  17   13    5   21   60   29   25    1    4    9 
  17   13    5   21   60   29   25    1    4    9 
  17   13    5   21   60   29   25    1    4    9 
  17   13    5   21   60   29   25    1    4    9 
  17   13   60   21    5   29   25    1    4    9 
  17   13   60    5   21   25   29    1    4    9 
  17   13   60    5   21   25   29    1    4    9 
  17   13   60    5   21   29   25    1    4    9 
  17   13   60    5   21   25   29    1    4    9 
  17   13    5   60   21   25   29    1    4    9 
  17   13   60    5   21   25   29    1    4    9 
  17   13   60    5   21   25   29    1    4    9 
  17   13   60    5   21   25   29    1    4    9 
  17   13   60    5   21   25   29    1    4    9 
  17   13   60    5   25   21   29    1    4    9 
  17   13   60    5   25   21   29    1    4    9 
  17   13   60    5   25   21   29    1    4    9 
  17   13    5   60   25   21   29    1    4    9 
  17   13    5   60   25   21   29    1    4    9 
  17   13    5   60   25   21   29    1    4    9 
  17   13    5   60   25   21   29    1    4    9 
  17   13    5   60   25   21   29    1    4    9 
  17   13    5   60   25   29    1   21    4    9 
  17   13    5   60   25   29    1   21    4    9 
  17   13    5   60   25    1   29   21    4    9 
  17   13    5   60   25    1   29   21    4    9 
  17   13    5   60   25    1   29   21    4    9 
  17   13    5   25   60    1   29   21    4    9 
  17    5   13   25   60    1   29   21    4    9 
  17    5   13   25   60   29    1   21    4    9 
  17   13    5   25   60   29   21    1    4    9 
  17   13    5   25   60   21   29    1    4    9 
  17   13    5   25   60   21   29    4    1    9 
  17   13    5   25   60   21    4   29    1    9 
  17   13    5   25   60   21    4   29    1    9 
  17   13    5   25   60   21    4   29    1    9 
  17   13   25    5   60   21    4   29    1    9 
  17   13   25    5   60   21    4   29    1    9 
  17   13   25    5   60   21    4   29    1    9 
  17   13   25    5   60   21    4   29    1    9 
  17   13   25    5   60   21    4   29    1    9 
  17   13   25    5   60   21    4   29    1    9 
  17   13   25   60    5   21    4   29    1    9 
  17   13   25   60    5   21   29    4    1    9 
  17   13   25   60    5   21   29    4    1    9 
  17   13   25   60    5   21   29    4    1    9 
  17   13   25   60    5   21   29    1    4    9 
  17   13   25   60    5   21   29    1    4    9 
  17   13   25   60    5   21   29    1    4    9 
  17   25   13   60    5   21   29    1    4    9 
  17   25   13   60    5   21   29    1    4    9 
  17   25   13    5   60   21   29    1    4    9 
  17   25   13    5   60   21   29    1    4    9 
  17   25   13    5   60   21   29    1    4    9 
  17   25   13    5   60   21   29    1    9    4 
  17   25   13    5   60   21   29    1    9    4 
  17   25   13    5   60   21   29    1    9    4 
  17   25   13    5   60   21   29    1    9    4 
  17   25   13    5   60   21   29    1    9    4 
  17   25   13    5   60   21   29    1    9    4 
  17   25   13    5   60   21   29    1    9    4 
  17   25   13    5   60   21   29    1    9    4 
  17   25   13    5   60   21   29    1    9    4 
  17   25   13    5   60   21   29    1    9    4 
  17   25   13    5   60   21   29    1    9    4 
  17   25   13    5   60   21   29    1    9    4 
  17   25   13    5   60   21   29    1    9 
  17   25   13    5   60   21   29    1    9 
  17   25   13    5   60   21   29    1    9 
  17   25   13    5   60   21   29    1    9 
  17   25   13    5   60   29   21    1    9 
  17   25   13    5   60   29   21    1    9 
  17   25   13    5   60   29   21    1    9 
  17   25   13    5   60   29   21    1    9 
  17   25   13    5   60   29   21    1    9 
  17   25   13    5   60   29   21    1    9 
  25   17   13    5   60   29   21    1    9 
  25   17   13    5   60   29   21    1    9 
  25   17   13    5   60   29   21    1    9 
  25   17   13    5   29   60   21    1    9 
  25   17   13    5   29   60   21    1    9 
  25   17   13    5   29   60   21    1    9 
  25   17   13    5   29   60   21    1    9 
  25   17   13    5   29   60   21    1    9 
  25   17   13    5   29   60   21    1    9 
  25   17   13    5   29   60   21    1    9 
  25   17   13    5   29   60   21    1    9 
  25   17   13    5   29   60   21    1    9 
  25   17   13    5   29   60   21    1    9 
  25   17   13    5   29   60   21    1    9 
  25   17   13   29    5   60   21    1    9 
  25   17   13   29    5   60   21    1    9 
  25   17   13   29    5   60    1   21    9 
  25   17   13   29    5   60    1   21    9 
  25   17   13   29    5   60    1   21    9 
  25   17   13   29    5   60    1   21    9 
  25   17   13   29    5   60    1   21    9 
  17   13   29    5   60    1   21    9 
  17   13   29    5   60    1   21   68    9 
  17   13   29    5   60    1   21    9   68 
  17   13   29    5   60    1   21    9   68 
  17   13   29    5   60    1   21    9   68 
  17   13   29    5   60    1   21    9   68 
  17   13   29    5   60    1   21    9   68 
  17   13   29    5   60    1   21    9   68 
  17   13   29    5   60    1   21    9   68 
  17   13   29    5   60    1   21    9   68 
  17   13   29    5   60    1   21    9   68 
  17   13   29    5   60    1   21    9   68 
  17   13   29    5   60    1   21    9   68 
  17   13   29    5   60    1   21    9   68 
  17   29   13    5   60    1   21   68    9   65 
  17   29   13    5   60    1   21   68    9   65 
  17   29   13    5   60    1   21   68    9   65 
  17   29   13    5   60    1   21   68    9   65 
  17   29   13    5   60    1   21   68    9   65 
  17   29   60    1   21   68    9   65 
  17   29   60    1   68   65 
  17   29   60    1   68   65 
  17   29   60    1   68   65 
  17   29   60    1   68   65 
  17   29   60    1   68   65 
  17   29   60    1   68   65 
  17   29   60    1   68   65 
  17   29   60    1   68   65 
  17   29   60    1   68   65 
  17   29   60    1   68   65 
  17   29   60    1   68   65 
  17   29   60    1   68   65 
  17   29   60    1   68   65 
  17   29   60    1   68   65 
  17   29   60    1   68   65 
  17   29   60    1   68   65 
  17   29   60    1   68   65 
  17   29   60    1   68   65 
  17   29   60    1   68   65 
  17   29   60    1   68   65 
  17   29   60    1   68   65 
  17   29   60    1   68   65 
  17   29   60    1   68   65 
  17   29   60    1   68   65 
  17   29   60    1   68   65 
  17   29   60    1   68   65 
  17   29   60    1   68   65 
  17   29   60    1   68   65 
  17   29   60    1   68   65 
  17   29   60    1   68   65 
  17   29   60    1   68   65 
  17   29   60    1   68   65 
  17   29   60    1   68   65 
  17   29   60    1   68   65 
  17   29   60    1   68   65 
  17   29   60    1   68   65 
  17   29   60    1   68   65 
  17   29   60    1   68   65 
  17   29   60    1   68   65 
  17   29   60    1   68   65 
  17   29   60    1   68   65 
  17   29   60    1   68   65 
  17   29   60    1   68   65 
  17   29   60    1   68   65 
  17   29   60    1   68   65 
  17   29   60    1   68   65 
  17   29   60    1   68   65 
  17   29   60    1   68   65 
  17   29   60    1   68   65 
  17   29   60    1   68   65 
  17   29   60    1   68   65 
  17   29   60    1   68   65 
  17   29   60    1   68   65 
  17   29   60    1   68   65 
  17   29   60    1   68   65 
  17   29   60    1   68   65 
  17   29   60    1   68   65 
  17   29   60    1   68   65 
  17   29   60    1   68   65 
  17   29   60    1   68   65 
  17   29   60    1   68   65 
  17   29   60    1   68   65 
  17   29   60    1   68   65 
  17   29   60    1   68   65 
  17   29   60    1   68   65 
  17   29   60    1   68   65 
  17   29   60    1   68   65 
  17   29   60    1   68   65 
  17   29   60    1   68   65 
  17   29   60    1   68   65 
  17   29   60    1   68   65 
  17   29   60    1   68   65    4 
  17   29   60    1   68   65    4 
  17   29   60    1   68   65    4 
  17   29   60    1   68   65    4 
  17   29   60    1   68   65    4 
  17   29   60    1   68   65    4 
  17   29   60    1   68   65    4 
  17   29   60   65    1   68    4 
  17   29   60   65    1   68    4 
  17   29   60   65    1   68    4 
  17   29   60   65    1   68    4 
  17   29   60    1   68   65    4 
  17   29   60    1   68   65    4 
  17   29   60    1   68   65    4 
  17   29   60    1   68   65    4 
  17   29   60   68    1   65    4 
  17   29   60   68   65    1    4 
  17   29   60   68   65    1    4 
  17   29   60   68   65    1    4 
  17   29   60   68   65    1    4 
  17   29   60   68   65    1    4 
  17   29   60   68   65    1    4 
  17   29   60   68   65    1 
  17   29   60   68   65    1 
  17   29   60   68   65    1 
  17   29   60   68   65    1 
  17   29   60   68   65    1 
  17   29   60   68   65    1 
  17   29   60   68   65    1 
  17   29   60   68   65    1 
  17   29   60   68   65    1    4 
  17   29   60   68    1   65    4 
  17   29   60   68    1   65    4 
  17   29   60   68    1   65    4 
  17   29   60   68   65    1    4 
  17   29   60   68   65    1    4 
  17   29   60   65   68    1    4 
  17   29   60   65   68    1    4 
  17   29   60   65   68    1    4 
  17   29   60   65   68    1    4 
  17   29   60   65   68    1    4 
  17   29   60   65   68    1    4 
  17   29   60   65   68    1    4 
  17   29   60   65   68    1    4 
  17   29   60   65   68    1    4 
  17   29   60   65   68    1    4 
  17   29   60   65   68    1    4 
  17   29   60   65   68    1    4 
  17   29   60   65   68    1    4 
  17   29   65   60   68    1    4 
  17   65   29   60   68    1    4 
  17   65   29   60   68    1    4 
  17   65   29   60   68    1    4 
  17   65   29   60   68    1    4 
  17   65   29   60   68    1    4 
  17   65   60   29   68    4    1 
  17   65   60   29   68    4    1 
  17   65   60   29   68    4    1 
  17   65   60   29   68    4    1 
  17   65   60   29   68    4    1 
  17   65   60   29   68    4    1 
  17   65   60   29   68    4    1 
  17   65   60   29   68    4    1 
  17   65   60   29   68    4    1 
  17   65   60   29   68    4    1 
  17   65   60   29   68    4    1 
  17   65   60   29   68    1    4 
  17   65   60   29   68    4    1 
  17   65   60   29   68    4    1 
  17   65   60   29   68    4    1 
  17   65   60   29   68    4    1 
  17   65   60   29   68    4    1 
  17   65   60   29   68    4    1 
  17   65   60   29   68    4    1 
  17   65   60   29   68    4    1 
  17   65   60   29   68    4    1 
  17   65   60   29   68    4    1 
  17   65   60   29   68    4    1 
  17   65   60   29   68    4    1 
  17   65   60   29   68    4    1 
  17   65   60   29   68    4    1 
  17   65   60   29   68    4    1 
  17   65   60   29   68    4    1 
  17   65   60   29   68    4    1 
  17   65   60   29   68    4    1 
  17   65   60   29   68    4    1 
  17   65   60   29   68    4    1 
  17   65   60   29   68    4    1 
  17   65   60   29    4   68    1 
  17   65   60   29    4   68    1 
  17   65   60   29    4   68    1 
  17   65   60    4   68   29    1 
  17   65   60    4   68   29    1 
  17   65   60    4   68   29    1 
  17   65   60    4   68   29    1 
  17   65   60    4   68   29    1 
  17   65   60    4   68   29    1 
  17   65   60    4   68   29    1 
  17   65   60    4   68   29    1 
  17   65   60    4   68   29    1 
  17   65   60    4   68   29    1 
  17   65   60    4   68   29    1 
  17   65   60    4   68   29    1 
  17   65   60    4   68   29    1 
  17   65   60    4   68   29    1 
  17   65   60    4   68   29    1 
  17   65   60    4   68   29    1 
  17   65   60    4   68   29    1 
  17   65   60    4   68   29    1 
  17   65   60    4   68   29    1 
  17   65   60    4   68   29    1 
  17   65   60    4   68   29    1 
  17   65   60    4   68   29    1 
  17   65   60    4   68   29    1 
  17   65   60    4   68   29    1 
  17   65   60    4   68   29    1 
  17   65   60    4   68   29    1 
  17   65   60    4   68   29    1 
  17   65   60    4   68   29    1 
  17   65   60    4   68   29    1 
  17   65   60    4   68   29    1 
  17   65   60    4   68   29    1 
  17   65   60    4   68   29    1 
  17   65   60    4   68   29    1 
  17   65   60    4   68   29    1 
  17   65   60    4   68   29    1 
  17   65   60    4   68   29    1 
  17   65   60    4   68   29    1 
  17   65   60    4   68   29    1 
  17   65   60    4   68   29    1 
  17   65   60    4   68   29    1 
  17   65   60    4   68   29    1 
  17   65   60    4   68   29    1 
  17   65   60    4   68   29    1 
  17   65   60    4   68   29    1 
  17   65   60    4   68   29    1 
  17   65   60    4   68   29    1 
  17   65   60    4   68   29    1 
  17   65   60    4   68   29    1 
  17   65   60    4   68   29    1 
  17   65   60    4   68   29    1 
  17   65   60    4   68   29    1 
  17   65   60    4   68   29    1 
  17   65   61   60   68    4   29    1 
  17   65   61   60   68    4   29    1 
  17   65   61   60   68    4   29    1 
  17   65   61   60   68    4   29    1 
  17   65   61   60   68    4   29    1 
  17   65   61   60   68    4   29    1 
  17   65   61   60   68    4   29    1 
  17   65   61   60   68    4   29    1 
  17   65   61   60   68    4   29    1 
  17   65   61   60   68    4   29    1 
  17   65   61   60   68    4   29    1 
  17   65   61   60   68    4   29    1 
  17   65   61   60   68    4   29    1 
  17   65   61   60    4   68   29    1 
  17   65   61   60   68    4   29    1 
  17   65   61   60   68    4   29    1 
  17   65   61   60   68    4   29    1 
  17   65   61   60   68    4   29    1 
  17   65   61   60   68    4   29    1 
  17   65   61   60   68    4   29    1 
  17   65   61   60   68    4   29    1 
  17   65   60   61   68    4   29    1 
  17   65   60   61   68    4   29    1 
  17   65   60   61   68    4   29    1 
  17   65   60   61   68    4   29    1 
  17   65   60   61   68    4   29    1 
  17   65   60   68   61    4   29    1 
  17   65   60   68   61    4   29    1 
  17   65   60   68   61    4   29    1 
  17   65   60   68   61    4   29    1 
  17   65   60   68   61    4   29    1 
  17   65   60   68   61    4   29    1 
  17   65   60   68   61    4   29    1 
  17   65   60   68   61    4   29    1 
  17   65   60   68   61    4   29    1 
  17   65   60   68   61    4   29    1 
  17   65   60   68   61    4   29    1 
  17   65   60   68   61    4   29    1 
  17   60   65   68   61    4   29    1 
  17   60   65   68   61    4   29    1 
  17   60   65   68   61    4   29    1 
  17   60   65   68   61    4   29    1 
  17   60   65   68   61    4   29    1 
  17   60   65   68   61    4   29    1 
  17   60   65   68   61    4   29    1 
  17   60   65   68   61    4   29    1 
  17   60   65   68   61    4   29    1 
  17   60   65   68   61    4   29    1 
  17   60   65   68   61    4   29    1 
  17   60   65   68   61    4   29    1 
  17   60   65   68   61    4   29    1 
  17   60   65   68   61    4   29    1 
  17   60   65   68   61    4   29    1 
  17   60   65   68   61    4   29    1 
  17   60   65   68   61    4   29    1 
  17   60   65   68   61    4   29    1 
  17   60   65   68   61    4   29    1 
  17   60   65   68   61    4   29    1 
  17   60   65   68   61    4   29    1 
  17   60   65   68   61    4   29    1 
  17   60   65   68   61   29    4    1 
  17   60   65   68   61   29    4    1 
  17   60   65   68   29    1 
  17   60   68   65   29    1 
  17   60   68   65   29    1 
  17   60   68   65   29    1 
  17   60   68   65   29    1 
  17   60   68   65   29    1 
  17   60   68   65   29    1 
  17   60   68   65   29    1 
  17   60   68   65   29    1 
  17   60   68   65   29    1 
  17   60   68   65   29    1 
  17   60   68   65   29    1 
  17   60   68   65   29    1 
  17   60   68   65   29    1 
  17   60   68   65   29    1 
  17   60   68   65   29    1 
  17   60   68   65   29    1 
  17   60   68   65   29    1 
  17   60   68   65   29    1 
  17   60   68   65   29    1 
  17   60   68   65   29    1 
  17   60   68   65   29    1 
  17   60   68   65   29    1 
  17   60   68   65   29    1 
  17   60   68   65   29    1 
  17   60   68   65   29    1 
  17   60   68   65   29    1 
  17   60   68   29   65    1 
  17   60   68   29   65    1 
  17   60   68   29   65    1 
  17   60   68   29   65    1 
  17   60   68   29    1   65 
  60   17   68   29    1   65 
  60   17   68   29    1   65 
  60   17   68   29    1   65 
  60   17   68   29    1   65 
  60   17   68   29    1   65 
  60   68   17   29    1   65 
  60   68   17   29    1   65 
  60   68   17   29    1   65 
  60   68   17   29    1   65 
  60   68   17   29    1   65 
  60   68   17   29    1   65 
  60   68   17   29    1   65 
  60   68   17   29    1   65 
  60   68   17   29    1   65 
  60   68   17   29    1   65 
  60   68   17   29    1   65 
  60   68   17   29    1   65 
  60   68   17   29    1   65 
  60   68   17   29    1   65 
  60   68   17   29    1   65 
  60   68   17   29    1   65 
  60   68   17   29    1   65 
  60   68   17   29    1   65 
  60   68   29   17    1   65 
  60   68   29   17    1   65 
  60   68   29   17    1   65 
  60   68   29   17    1   65 
  60   68   29   17    1   65 
  60   68   29   17    1   65 
  60   68   29   17    1   65 
  60   68   29   17    1 
  60   68   29   17    1 
  60   68   29   17    1 
  60   68   29   17    1 
  60   68   29   17    1 
  60   68   29    1   17 
  60   68   29    1   17 
  68   60   29    1   17 
  68   60   29    1   17 
  68   60   29    1   17 
  68   60   29    1   17 
  68   60   29    1   17 
  68   60   29    1   17 
  68   60   29    1   17 
  68   60   29    1   17 
  68   60   29    1   17 
  68   29   60    1   17 
  68   29   60    1   17 
  68   29   60    1   17 
  29   68   60    1   17 
  29   68   60    1   17 
  29   68   60    1   17 
  29   68   60    1   17 
  29   68   60    1   17 
  29   68   60    1   17 
  29   68   60    1 
  29   68   60    1 
  29   68   60    1 
  29   68   60    1 
  29   68   60    1 
  29   68   60    1 
  29   68   60    1 
  29   68   60    1 
  29   68   60    1 
  29   68   60    1 
  29   68   60    1 
  29   68   60    1 
  29   68   60    1 
  29   68   60    1 
  29   68   60    1 
  29   68   60    1 
  29   68   60    1 
  29   68   60    1 
  29   68   60    1 
  29   68   60    1 
  29   68    1   60 
  29   68    1   60 
  29   68    1   60 
  29   68    1   60 
  29   68    1   60 
  29    1   68   60 
  29    1   68   60 
  29    1   68   60 
  29    1   68   60 
  29    1   68   60 
  29    1   68   60 
  29    1   68   60 
   1   29   68   60 
   1   29   68   60 
   1   29   68   60 
   1   29   68   60 
   1   29   68   60 
   1   29   68   60 
   1   29   68   60 
   1   29   68   60 
   1   29   68   60 
   1   29   68   60 
   1   29   68   60 
   1   29   68   60 
   1   29   68   60 
   1   29   68   60 
   1   29   68   60 
   1   29   68   60 
   1   29   68   60 
   1   29   68   60 
   1   29   68   60 
   1   29   68   60 
   1   29   68 
   1   29   68 
   1   29   68 
   1   29   68 
   1   29   68 
   1   29   68 
   1   29   68 
   1   29   68 
   1   29   68 
   1   29   68 
   1   29   68 
   1   29   68 
   1   29   68 
   1   29   68 
   1   29   68 
   1   29   68 
   1   29   68 
   1   29   68 
   1   29   68 
   1   29   68 
   1   29   68 
   1   29   68 
   1   29   68 
   1   29   68 
   1   29   68 
   1   29   68 
   1   29   68 
   1   29   68 
   1   29   68 
   1   29   68 
   1   29   68 
   1   29   68 
   1   29   68 
   1   29   68 
   1   29   68 
   1   29   68 
   1   29   68 
   1   29   68 
   1   29   68 
   1   29   68 
   1   29   68 
   1   29   68 
   1   29   68 
   1   29   68 
   1   29   68 
   1   29   68 
   1   29   68 
   8 
   8 
   8 
   8 
   8 
   8 
   8 
   8 
   8 
   8 
   8 
   8 
   8 
   8 
   8 
   8 
   8 
   8 
   8 
   8 
   8 
   8 
   8 
   8 
   8 
   8 
   8 
   8 
   8 
   8 
   8 
   8 
   8 
   8 
   8 
   8 
   8 
   8 
   8 
   8 
   8 
   8 
   8 
   8 
   8 
   8 
   8 
   8 
   8 
   8 
   8 
   8 
   8 
   8 
   8 
   8 
   8 
   8 
   8 
   8 
   8 
   8 
   8 
   8 
   8 
   8 
   8 
   8 
   8 
   8 
   8 
   8 
   8 
   8 
   8 
   8 
   8 
   8 
   8 
   8 
   8 
   8 
   8 
   8 
   8 
   8 
   8 
   8 
   8 
   8 
   8 
   8 
   8 
   8 
   8 
   8 
   8 
   8 
   8 
   8 
   8 
   8 
   8 
   8 
   8 
   8 
   8 
   8 
   8 
   8 
   8 
   8 
   8 
   8 
   8 
   8 
   8 
   8 
   8 
   8 
   8 
   8 
   8 
   8 
   8 
   8 
   8 
   8 
   8 
   8 
   8 
   8 
   8 
   8 
   8 
   8 
   8 
   8 
   8 
   8 
   8 
   8 
   8 
   8 
   8 
   8 
   8 
   8 
   8 
   8 
   8 
   8 
   8 
   8 
   8 
   8 
   8 
   8 
   8 
   8 
   8 
   8 
   8 
   8 
   8 
   8 
   8 
   8 
   8 
   8 
   8 
   8 
   8 
   8 
   8 
   8 
   8 
   8 
   8 
   8 
   8 
   8 
   8 
   8 
  44 
  44 
  44 
  44 
  44 
  44 
  44 
  44 
  44 
  44 
  44 
  44 
  44 
  44 
  44 
  44 
  44 
  44 
  44 
  44 
  44 
  44 
  44 
  44 
  44 
  44 
  44 
  44 
  44 
  44 
  44 
  44 
  44 
  44 
  44 
  44 
  44 
  44 
  44 
  44 
  44 
  44 
  44 
  44 
  44 
  44 
  44 
  44 
  44 
  44 
  44 
  44 
  44 
  44 
  44 
  44 
  44 
  44 
  44 
  44 
  44 
  44 
  44 
  44 
  44 
  44 
  44 
  44 
  44 
  44 
  44 
  44 
  44 
  44 
  44 
  44 
  44 
  44 
  44 
  44 
  44 
  44 
  44 
  44 
  44 
  44 
  44 
  44 
  44 
  44 
  44 
  44 
  44 
  44 
  44 
  44 
  44 
  44 
  44 
  44 
  44 
  44 
  44 
  44 
  44 
  44 
  44 
  44 
  44 
  44 
  44 
  44 
  44 
  44 
  44 
  44 
  44 
  44 
  44 
  44 
  44 
  44 
  44 
  44 
  44 
  44 
  44 
  44 
  44 
  44 
  44 
  44 
  44 
  44 
  44 
  44 
  44 
  44 
  44 
  44 
  44 
  44 
  44 
  44 
  44 
  44 
  44 
  44 
  44 
  44 
  44 
  44 
  44 
  44 
  44 
  44 
  44 
  44 
  44 
  44 
  44 
  44 
  44 
  44 
  44 
  44 
  44 
  44 
  44 
  44 
  44 
  44 
  44 
  44 
  44 
  44 
  44 
  44 
  44 
  44 
  44 
  44 
  44 
  44 
  44 
  44 
  44 
  44 
  44 
  44 
  44 
  44 
  44 
   4   44 
   4   44 
   4   44 
   4   44 
   4   44 
   4   44 
   4   44 
   4   44 
   4   44 
   4   44 
   4   44 
   4   44 
   4   44 
   4   44 
   4   56   44 
   4   56   44 
   4   56   44 
   4   56   44 
   4   56   44 
   4   56   44 
   4   56   44 
   4   56   44 
   4   56   44 
   4   56   44 
   4   56   44 
   4   56   44 
   4   56   44 
   4   56   44 
   4   56   44 
   4   56   44 
   4   56   44 
   4   56   44 
   4   56   44 
   4   56   44 
   4   56   44 
   4   56   44 
   4   56   44 
   4   56   44 
   4   56   44 
   4   56 
   4   56 
   4   56 
   4   56 
   4   56 
   4   56 
   4   56 
   4   56 
   4   56   60 
   4   56   60 
   4   56   60 
   4   56   60 
   4   56   60 
   4   56   60 
   4   60 
   4   60 
   4   60 
   4   60 
   4   60 
   4   60 
   4   60 
   4   60 
   4   60 
   4   60 
   4   60 
   4   60 
   4   60 
   4   60 
   4   60 
   4   60 
   4   60 
   4   60 
   4   60 
   4   60 
   4   60 
   4   60 
   4   60 
   4   60 
   4   60 
   4   60 
   4   60 
   4   60 
   4   60 
   4   60 
   4   60 
   4   60   68    1   29 
   4   60   68    1   29 
   4   60   68    1   29 
   4   60   68    1   29 
   4   60   68    1   29 
   4   60   68    1   29 
   4   60   68    1   29 
   4   60   68    1   29 
   4   65   60   61   68    1   29 
   4   65   60   61   68    1   29 
   4   65   60   61   68    1   29 
   4   65   60   61   68    1   29 
   4   65   60   61   68    1   29 
   4   65   60   61   68    1   29 
   4   65   60   61   68    1   29 
   4   65   61   60   68    1   29 
  65    4   61   60   68    1   29 
  65    4   61   60   68    1   29 
  65    4   61   60   68    1   29 
  65    4   61   60   68    1   29 
  65    4   61   60   68    1   29 
  65   60   61    4   68    1   29 
  65   60   61    4   68    1   29 
  65   60   61    4   68    1   29 
  65   60   61    4   68    1   29 
  65   60   61    4   68    1   29 
  65   60   61   68    4    1   29 
  65   60   61   68    4    1   29 
  65   60   61   68    4    1   29 
  65   60   61   68    4    1   29 
  65   60   61   68    4    1   29 
  65   60   68   61    4    1   29 
  65   60   68   61    4    1   29 
  65   60   68   61    4    1   29 
  65   60   68   61    4    1   29 
  65   60   68   61    4    1   29 
  65   60   68   61    4    1   29 
  60   65   68   61    4    1   29 
  60   65   68   61    4    1   29 
  60   65   68   61    4    1   29 
  60   65   68   61    4    1   29 
  60   65   68   61    4    1   29 
  60   68   65   61    4    1   29 
  60   68   65   61    4    1   29 
  60   68   65   61    4    1   29 
  60   68   65    1   29 
  60   68   65    1   29 
  60   68   65    1   29 
  60   68   65    1   29 
  60   68   65    1   29 
  60   68   65    1   29 
  60   68   65    1   29 
  60   68   65    1   29 
  60   68   65    1   29 
  60   68   65    1   29 
  60   68   65    1   29 
  60   68   65    1   29 
  60   68   65    1   29 
  60   68   65    1   29 
  60   68   65    1   29 
  60   68   65    1   29 
  60   68   65    1   29 
  60   68   65    1   29 
  60   68   65    1   29 
  60   68   65    1   29 
  60   68    1   65   29 
  60   68    1   65   29 
  60   68   65    1   29 
  60   68   65    1   29 
  60   68   65    1   29 
  60   68   65    1   29 
  60   68   65    1   29 
  60   68   65    1   29 
  60   68   65    1   29 
  60   68   65    1   29 
  60   68   65    1   29 
  60   68   65    1   29 
  60   68   65    1   29 
  60   68   65    1   29 
  60   68   65    1   29 
  60   68   65    1   29 
  60   68   65    1   29 
  60   68   65    1   29 
  60   68   65    1   29 
  60   68   65    1   29 
  60   68   65    1   29 
  60   68   65    1   29 
  60   68   65    1 
  60   68   65    1 
  60   68   65    1 
  60   65   68    1 
  60   65   68    1 
  60   65   68    1 
  60   65   68    1 
  60   65   68    1 
  65   60   68    1 
  65   60   68    1 
  65   60   68    1 
  65   60   68    1 
  65   60   68    1 
  65   60   68    1 
  65   60   68    1 
  65   60   68    1 
  65   60   68    1 
  65   60   68    1 
  65   60   68    1 
  65   60   68    1 
  65   60   68    1 
  65   60   68    1 
  65   60   68    1 
  65   60   68    1 
  65   60   68    1 
  65   60   68    1 
  65   60   68    1 
  65   60   68    1 
  65   60   68    1 
  65   60   68    1 
  65   60   68    1 
  65   60   68    1 
  65   60   68    1 
  65   60   68    1 
  65   60   68    1 
  65   60   68    1 
  65   60   68    1 
  65   60   68    1 
  65   60   68    1 
  65   60   68    1 
  65   60   68    1 
  65   60   68    1 
  65   60   68    1 
  65   60   68    1 
  65   60   68    1 
  65 
  65 
  65 
  65   61 
  65   61 
  65   61 
  65   61 
  65   61 
  65   61 
  65   61 
  65   61 
  65   61 
  65   61 
  65   61 
  65   61 
  65   61 
  65   61 
  65   61 
  65   61 
  65   61 
  65   61 
  65   61 
  65   61 
  65   61   64 
  65   61   64 
  65   61   64 
  65   61   64 
  65   61   64 
  65   61   64 
  65   61   64 
  65   61   64 
  65   61   64 
  65   61   64 
  65   61   64 
  65   61   64 
  65   61   64 
  65   61   64 
  65   61   64 
  65   61   64 
  65   61   64 
  65   61   64 
  65   61   64 
  65   61   64 
  65   64   61 
  65   64   61 
  65   64   61 
  65   64   61 
  65   64   61 
  65   64   61 
  65   64   61 
  65   64   61 
  65   64   61 
  65   64   61 
  65   64   61 
  65   64   61 
  65   64   61 
  65   64   61 
  65   64   61 
  65   64   61 
  65   64   61 
  65   64   61 
  65   64   61 
  65   64   61 
  65   64   61 
  65   64   61 
  65   64   61 
  65   64   61 
  65   64   61 
  65   64   61 
  65   64   61 
  64   65   61 
  64   65   61 
  64   65   61 
  64   65   61 
  64   65   61 
  64   65   61 
  64   65   61 
  64   65   61 
  64   65   61 
  64   65   61 
  64   65   61 
  64   65   61 
  64   65   61 
  64   65   61 
  64   65   61 
  64   65   61 
  64   65   61 
  64   65   61 
  64   65   61 
  64   65   61 
  64   65   61 
  64   65   61 
  64   65   61 
  64   65   61 
  64   65   61 
  64   65   61 
  64   65   61 
  64   65   61 
  64   65   61 
  64   65   61 
  64   65   61 
  64   65   61 
  64   65   61 
  64   65   61 
  64   65   61 
  64   65   61 
  64   65   61 
  64   65   61 
  64   65   61 
  64   65   61 
  64   65   61 
  64   65   61 
  64   65   61 
  64   65   61 
  64   65   61 
  64   65   61 
  64   65   61 
  65   64   61 
  64   65   61 
  64   65   61 
  65   64   61 
  65   64   61 
  64   65   61 
  64   65   61 
  65   64   61 
  65   64   61 
  65   64   61 
  65   64   61 
  65   64   61 
  65   64   61 
  65   64   61 
  65   64   61 
  65   64   61 
  65   64   61 
  65   64   61 
  65   64   61 
  65   64   61 
  65   64   61 
  65   64   61 
  65   64   61 
  65   64   61 
  65   64   61 
  65   64   61 
  65   64   61 
  65   64   61 
  65   64   61 
  64   65   61 
  64   65   61 
  64   65   61 
  64   65   61 
  64   65   61 
  64   61   65 
  64   61   65 
  64   61   65 
  64   61   65 
  64   61   65 
  64   61   65 
  64   61   65 
  64   61   65 
  61   64   65 
  61   64   65 
  61   64   65 
  61   64   65 
  61   64   65 
  61   64   65 
  61   64   65 
  61   65   64 
  61   65   64 
  61   65   64 
  61   65   64 
  61   65   64 
  61   65   64 
  61   65   64 
  61   65   64 
  61   65   64 
  61   65   64 
  61   65   64 
  61   65   64 
  61   65   64 
  65   61   64 
  65   61   64 
  65   61   64 
  65   61   64 
  65   61   64 
  65   61   64 
  65   61   64 
  65   61   64 
  65   61   64 
  65   61   64 
  65   61   64 
  65   61   64 
  65   61   64 
  65   61   64 
  65   61   64 
  65   61   64 
  65   61   64 
  65   61   64 
  65   61   64 
  65   61   64 
  65   61   64 
  65   61   64 
  65   61   64 
  65   61   64   29   60 
  65   61   64   29   60    1   68 
  65   61   64   29   60    1   68 
  65   61   64   29   60    1   68 
  65   61   64   29   60    1   68 
  65   61   64   29   60    1   68 
  65   61   64   29   60    1   68 
  65   61   64   29   60    1   68 
  65   61   64   29   60    1   68 
  65   61   64   29   60    1   68 
  65   61   64   29   60    1   68 
  65   61   64   29   60    1   68 
  65   61   64 
  65   61   64 
  65   61   64 
  65   61   64 
  65   61   64 
  65   61   64 
  65   61   64 
  65   61   64 
  65   61   64 
  65   61   64 
  65   61   64 
  65   61   64 
  65   61   64   29    1   60 
  65   61   64   29    1   60 
  65   61   64   29    1   60   68 
  65   61   64   29    1   60   68 
  65   61   64   29    1   60   68 
  65   61   64   29   60    1   68 
  61   65   64   29   60    1   68 
  61   65   64   29   60    1   68 
  61   65   64   29   60    1   68 
  61   65   64   29   60    1   68 
  61   65   64   29   60    1   68 
  61   65   64   29   60    1   68 
  61   65   64   29   60    1   68 
  61   65   64   29   60    1   68 
  61   65   64   29   60    1   68 
  61   65   64   29   60    1   68 
  61   65   64   29   60 
  61   65   64   29   60 
  61   65   64   29   60 
  61   65   64   29   60 
  61   65   64   29   60 
  61   65   64   29   60 
  61   65   64   29   60 
  61   65   64   29   60 
  61   65   64   29   60 
  61   65   64   29   60 
  65   61   64   29   60 
  65   61   64   29   60 
  65   61   64   29   60 
  65   61   64   29   60 
  61   65   64   29   60 
  61   65   64   29   60 
  61   65   64   29   60 
  65   61   64   29   60 
  65   61   64   29   60 
  65   61   64   29   60 
  65   61   64   29   60 
  65   61   64   29   60 
  65   61   64   29   60 
  65   61   64   29   60 
  61   65   64   29   60 
  61   65   64   29   60 
  61   65   64   29   60 
  61   65   64   29   60 
  61   65   64   29   60 
  61   65   64   29   60 
  61   65   64   29   60 
  61   65   64   29   60 
  61   65   64   29   60 
  61   65   64   29   60 
  61   65   64   29   60 
  61   65   64   29   60 
  61   65   64   29   60 
  61   65   64   29   60 
  65   61   64   29   60 
  65   61   64   29   60 
  65   61   64   29   60 
  65   61   64   29   60 
  65   64   61   29   60 
  65   64   61   29   60 
  65   64   61   29   60 
  64   65   61   29   60 
  64   65   61   29   60 
  64   65   61   29   60 
  64   65   61   29   60 
  65   64   61   29   60 
  65   64   61   29   60 
  65   64   61   29   60 
  65   64   61   29   60 
  65   64   61   29   60 
  65   64   61   29   60 
  65   61   64   29   60 
  65   61   64   29   60 
  65   61   64   29   60 
  65   61   64   29   60 
  65   61   64   29   60 
  65   61   64   29   60 
  65   61   64   29   60 
  65   61   64   29   60 
  65   61   64   29   60 
  65   61   64   29   60 
  65   61   64   29   60 
  61   65   64   29   60 
  65   61   64   29   60 
  65   61   64   29   60 
  65   61   64   29   60 
  65   61   64   29   60 
  61   65   64   29   60 
  61   65   64   29   60 
  61   65   64   29   60 
  61   65   64   29   60 
  65   61   64   29   60 
  65   61   64   29   60 
  65   61   64   29   60 
  65   61   64   29   60 
  65   64   61   29   60 
  65   64   61   29   60 
  65   64   61   29   60 
  65   64   61   29   60 
  65   64   61   29   60 
  65   64   61   29   60 
  65   64   61   29   60 
  65   64   61   29   60 
  65   64   61   29   60 
  65   64   61   29   60 
  65   64   61   29   60 
  65   64   61   29   60 
  65   64   61   29   60 
  65   64   61   29   60 
  64   65   61   29   60 
  65   64   61   29   60 
  65   64   61   29   60 
  65   61   64   29   60 
  65   61   64   29   60 
  65   61   64   29   60 
  65   61   64   29   60 
  65   61   64   29   60 
  65   61   64   29   60 
  65   64   61   29   60 
  65   64   61   29   60 
  65   64   61   29   60 
  65   64   61   29   60 
  65   64   61   29   60 
  65   64   61   29   60 
  65   64   61   29   60 
  65   61   64   29   60 
  65   61   64   29   60 
  65   61   64   29   60 
  65   61   64   29   60 
  65   61   64   29   60 
  65   61   64   29   60 
  65   64   61   29   60 
  65   64   61   29   60 
  64   65   61   29   60 
  64   65   61   29   60 
  64   65   61   29   60 
  64   65   61   29   60 
  64   61   65   29   60 
  64   61   65   29   60 
  64   61   65   29   60 
  64   61   65   29   60 
  64   61   65   29   60 
  64   61   65   29   60 
  64   61   65   29   60 
  64   61   65   29   60 
  64   61   65   29   60 
  64   61   65   29   60 
  64   65   61   29   60 
  64   65   61   29   60 
  65   64   61   29   60 
  65   64   61   29   60 
  65   64   61   29   60 
  65   64   61   29   60 
  65   64   61   29   60 
  65   64   61   29   60 
  65   64   61   29   60 
  65   64   61   29   60 
  65   64   61   29   60 
  65   64   61   29   60 
  65   61   64   29   60 
  65   61   64   29   60 
  65   61   64   29   60 
  65   64   61   29   60 
  65   64   61   29   60 
  65   64   61   29   60 
  64   65   61   29   60 
  64   65   61   29   60 
  64   65   61   29   60 
  64   65   61   29   60 
  64   65   61   29   60 
  64   65   61   29   60 
  64   61   65   29   60 
  64   61   65   29   60 
  64   61   65   29   60 
  64   61   65   29   60 
  61   64   65   29   60 
  61   64   65   29   60 
  64   61   65   29   60 
  64   61   65 
  64   61   65 
  61   64   65 
  61   64   65 
  61   64   65 
  61   64   65 
  61   64   65 
  61   64   65 
  61   64   65 
  61   64   65 
  61   64   65 
  61   64   65 
  61   65   64 
  61   64   65 
  61   64   65 
  61   64   65 
  61   65   64 
  61   65   64 
  61   65   64 
  61   65   64 
  61   65   64 
  61   65   64 
  61   65   64 
  61   65   64 
  65   61   64 
  65   64   61 
  65   61   64 
  65   61   64 
  65   61   64 
  65   61   64 
  61   65   64 
  61   65   64 
  61   65   64 
  61   65   64 
  61   65   64 
  61   64   65 
  61   64   65 
  64   61   65 
  64   61   65 
  64   61   65 
  64   61   65 
  61   64   65 
  64   61   65 
  64   61   65 
  64   61   65 
  64   61   65 
  64   61   65 
  64   61   65 
  64   61   65 
  64   61   65 
  64   61   65 
  64   61   65 
  64   65   61 
  65   64   61 
  65   64   61 
  65   64   61 
  65   64   61 
  65   64   61 
  65   64   61 
  65   61   64 
  65   61   64 
  65   61   64 
  65   61   64 
  65   61   64 
  61   65   64 
  61   65   64 
  61   65   64 
  61   65   64 
  61   65   64 
  61   65   64 
  61   65   64 
  61   65   64 
  61   65   64 
  61   65   64 
  65   61   64 
  61   65   64 
  61   65   64 
  65   61   64 
  61   65   64 
  65   61   64 
  61   65   64 
  65   61   64 
  61   65   64 
  61   65   64 
  61   64   65 
  61   64   65 
  61   64   65 
  61   64   65 
  61   64   65 
  61   64   65 
  61   64   65 
  64   61   65 
  64   65   61 
  64   65   61 
  64   65   61 
  64   65   61 
  64   65   61 
  64   65   61 
  64   65   61 
  64   65   61 
  64   65   61 
  64   65   61 
  64   65   61 
  64   65   61 
  64   65   61 
  64   65   61 
  64   61   65 
  64   61   65 
  64   61   65 
  64   65   61 
  64   65   61 
  64   65   61 
  64   65   61 
  64   65   61 
  64   61   65 
  64   61   65 
  64   61   65 
  64   61   65 
  64   61   65 
  64   61   65 
  64   61   65 
  64   61   65 
  64   61   65 
  64   61   65 
  64   61   65 
  64   61   65 
  61   65   64 
  61   65   64 
  61   65   64 
  65   61   64 
  65   61   64 
  65   61   64 
  65   64   61 
  65   64   61 
  65   64   61 
  65   64   61 
  65   64   61 
  65   64   61 
  65   64   61 
  65   64   61 
  65   64   61 
  65   64   61 
  61   65   64 
  65   61   64 
  65   61   64 
  65   61   64 
  61   65   64 
  64   61   65 
  64   65   61 
  64   61   65 
  64   61   65 
  64   61   65 
  64   61   65 
  64   61   65 
  64   61   65 
  64   61   65 
  64   61   65 
  64   61   65 
  65   64   61 
  65   61   64 
  65   61   64 
  65   61   64 
  65   61   64 
  65   61   64 
  65   61   64 
  65   61   64 
  65   61   64 
  65   61   64 
  65   61   64 
  65   61   64 
  65   61   64 
  61   65   64 
  65   61   64 
  65   61   64 
  65   61   64 
  65   61   64 
  65   64   61 
  65   64   61 
  65   64   61 
  65   64   61 
  64   65   61 
  65   64   61 
  65   64   61 
  64   65   61 
  64   61   65 
  64   61   65 
  61   64   65 
  61   64   65 
  64   61   65 
  64   61   65 
  64   61   65 
  64   61   65 
  64   61   65 
  64   61   65 
  64   61   65 
  64   61   65 
  64   61   65 
  64   61   65 
  61   64   65 
  61   64   65 
  61   64   65 
  61   64   65 
  61   64   65 
  61   64   65 
  61   64   65 
  61   64   65 
  61   64   65 
  61   64   65 
  61   64   65 
  61   64   65 
  61   64   65 
  61   64   65 
  61   64   65 
  61   64   65 
  61   64   65 
  61   64   65 
  61   64   65 
  61   64   65 
  61   64   65 
  61   64   65 
  61   64   65 
  61   64   65 
  61   64   65 
  61   64   65 
  61   64   65 
  61   64   65 
  61   64   65 
  61   64   65 
  61   64   65 
  61   64   65 
  61   64   65 
  61   64   65 
  61   64   65 
  64   61   65 
  61   64   65 
  61   64   65 
  64   61   65 
  64   61   65 
  64   61   65 
  61   64   65 
  61   64   65 
  61   64   65 
  61   64   65 
  61   64   65 
  61   64   65 
  61   64   65    1 
  61   64   65    1 
  61   64   65    1 
  61   64   65    1 
  61   64   65    1 
  61   64   65    1 
  61   64   65    1 
  61   64   65    1 
  61   64   65    1 
  61   64   65    1 
  64   61   65    1 
  64   61   65    1 
  64   61   65    1 
  64   61   65    1 
  64   61   65    1 
  64   61   65    1 
  64   61   65    1 
  64   61   65    1 
  64   61   65    1 
  64   61   65    1 
  64   61   65    1 
  64   61   65    1 
  64   61   65    1 
  64   61   65    1 
  64   61   65    1 
  64   61   65    1 
  64   61   65    1 
  64   61   65    1 
  64   61   65    1 
  64   61   65    1 
  64   61   65    1 
  64   61   65    1 
  64   61   65    1 
  64   61   65    1 
  64   61   65    1 
  64   61   65    1 
  64   61   65    1 
  64   61   65    1 
  64   61   65    1 
  64   61   65    1 
  64   61   65    1 
  64   61   65 
  64   61   65 
  64   61   65 
  64   61   65 
  64   61   65 
  64   61   65 
  64   61   65 
  64   61   65    1 
  64   61   65    1 
  64   61   65    1 
  64   61   65    1 
  64   61   65    1 
  64   61   65    1 
  64   61   65    1 
  64   61   65    1 
  64   61   65    1 
  64   61   65    1 
  64   61   65 
  64   61   65 
  64   61   65 
  64   61   65 
  64   61   65 
  64   61   65 
  64   61   65 
  64   61   65 
  64   61   65 
  64   61   65 
  64   61   65 
  64   61   65 
  64   61   65 
  64   61   65 
  64   61   65 
  64   61   65 
  64   61   65 
  64   61   65 
  64   61   65 
  64   61   65 
  64   61   65 
  64   61   65 
  64   61   65 
  64   61   65 
  64   61   65 
  64   61   65 
  64   61   65 
  64   61   65 
  64   61   65 
  64   61   65 
  64   61   65 
  64   61   65 
  64   61   65 
  64   61   65 
  64   61   65 
  64   61   65 
  64   61   65 
  61   64   65 
  61   64   65 
  61   64   65 
  61   64   65 
  61   64   65 
  61   64   65 
  61   64   65 
  61   64   65 
  61   64   65 
  61   64   65 
  61   64   65 
  61   64   65 
  61   64   65 
  61   64   65 
  61   64   65 
  61   64   65 
  61   64   65 
  61   64   65 
  61   64   65 
  61   64   65 
  64   61   65 
  61   64   65 
  64   61   65 
  64   61   65 
  64   61   65 
  64   61   65 
  61   64   65 
  61   64   65 
  65   61   64 
  65   61   64 
  65   61   64 
  65   61   64 
  65   61   64 
  65   61   64 
  65   61   64 
  65   61   64 
  65   61   64 
  65   61   64 
  65   61   64 
  64   65   61 
  64   65   61 
  64   65   61 
  64   65   61 
  61   64   65 
  61   64   65 
  64   61   65 
  64   61   65 
  61   64   65 
  61   64   65 
  61   64   65 
  61   64   65 
  61   64   65 
  61   64   65 
  61   64   65 
  61   64   65 
  61   64   65 
  64   61   65 
  64   61   65 
  64   61   65 
  64   61   65 
  64   61   65 
  64   61   65 
  64   61   65 
  64   61   65 
  64   61   65 
  64   61   65 
  64   61   65 
  64   61   65 
  64   61   65 
  64   61   65 
  64   61   65 
  64   61   65 
  64   61   65 
  64   61   65 
  64   61   65 
  64   65   61 
  64   65   61 
  64   65   61 
  64   65   61 
  64   65   61 
  64   65   61 
  64   65   61 
  64   61   65 
  64   61   65 
  64   61   65 
  64   61   65 
  64   61   65 
  64   61   65 
  64   61   65 
  64   61   65 
  61   64   65 
  61   64   65 
  61   64   65 
  65   64   61 
  65   64   61 
  65   64   61 
  64   61   65 
  64   61   65 
  64   61   65 
  64   61   65 
  64   61   65 
  64   61   65 
  64   61   65 
  64   61   65 
  64   61   65 
  64   61   65 
  64   65   61 
  64   65   61 
  65   64   61 
  65   64   61 
  65   64   61 
  65   64   61 
  65   64   61 
  65   64   61 
  65   64   61 
  65   64   61 
  65   64   61 
  65   64   61 
  65   64   61 
  65   64   61 
  65   64   61 
  65   64   61 
  65   64   61 
  65   64   61 
  65   64   61 
  65   64   61 
  65   64   61 
  65   64   61 
  65   64   61 
  65   64   61 
  65   64   61 
  65   64   61 
  65   64   61 
  65   64   61 
  65   64   61 
  65   64   61 
  65   64   61 
  65   64   61 
  65   64   61 
  65   64   61 
  64   65   61 
  64   65   61 
  64   65   61 
  65   64   61 
  64   65   61 
  64   65   61 
  64   65   61 
  65   64   61 
  64   65   61 
  64   65   61 
  64   65   61 
  64   65   61 
  64   65   61 
  64   65   61 
  64   65   61 
  64   65   61 
  65   64   61 
  65   64   61 
  65   64   61 
  65   64   61 
  65   64   61 
  65   64   61 
  64   65   61 
  64   65   61 
  64   65   61 
  64   65   61 
  64   65   61 
  64   65   61 
  64   65   61 
  64   65   61 
  64   65   61 
  64   65   61 
  64   65   61 
  64   65   61 
  64   65   61 
  64   65   61 
  64   65   61 
  65   64   61 
  65   64   61 
  65   64   61 
  65   64   61 
  65   64   61 
  65   64   61 
  65   64   61 
  65   64   61 
  64   65   61 
  65   64   61 
  65   64   61 
  65   64   61 
  65   64   61 
  65   64   61 
  65   64   61 
  65   64   61 
  65   64   61 
  65   64   61 
  65   64   61 
  64   65   61 
  64   65   61 
  64   65   61 
  64   65   61 
  64   65   61 
  64   65   61 
  65   64   61 
  65   64   61 
  65   64   61 
  65   64   61 
  65   64   61 
  65   64   61 
  65   64   61 
  65   64   61 
  65   64   61 
  65   64   61 
  65   64   61 
  65   64   61 
  65   64   61 
  65   64   61 
  65   64   61 
  65   64   61 
  65   64   61 
  65   64   61 
  65   64   61 
  64   61 
  64   61 
  64   61 
  64   61 
  64   61 
  64   61 
  64   61 
  64   61 
  64   61 
  64   61 
  64   61 
  64   61 
  64   61 
  64   61 
  64   61 
  64   61 
  64   61 
  64   61 
  64   61 
  64   61 
  64   61 
  64   61 
  64   61 
  64   61 
  64   61 
  64   61 
  64   61 
  64   61 
  64   61 
  64   61 
  64   61 
  64   61 
  64   61 
  64   61 
  64   61 
  64   61 
  64   61 
  64   61 
  64   61 
  64   61 
  64   61 
  64   61 
  64   61 
  64   61 
  64   61 
  64   61 
  64   61 
  64   61 
  64   61 
  64   61 
  64   61 
  64   61 
  64   61 
  64   61 
  64   61 
  64   61 
  64   61 
  64   61 
  64   61 
  64   61 
  64   61 
  64   61 
  64   61 
  64   61 
  64   61 
  64   61 
  64   61 
  64   61 
  64   61 
  64   61 
  64   61 
  64   61 
  64   61 
  64   61 
  64   61 
  64   61 
  64   61 
  64   61 
  64   61 
  64   61 
  64   61 
  64   61 
  64   61 
  64   61 
  64   61 
  64   61 
  64   61 
  64   61 
  64   61 
  64   61 
  64   61 
  64   61 
  64   61 
  64   61 
  64   61 
  64   61 
  64   61 
  64   61 
  64   61 
  64   61 
  64   61 
  64   61 
  64   61 
  64   61 
  64   61 
  64   61 
  64   61 
