   1    5   21    9   13   17 
   1    5   21    9   13   29   17 
   1    5   21    9   13   29   17 
   1    5   21    9   13   29   17 
   1    5   21    9   13   29   17 
   1    5   21    9   13   29   17 
   1    5   21    9   13   29   17 
   1    5   21    9   13   29   17   60 
   1    9   21    5   13   29   17   60 
   1    9    5   21   13   29   17   60 
   1   21    5    9   13   29   17   60 
   1    9    5   21   13   29   17   60 
   1    9    5   21   13   29   17   60 
   1   21    9   13    5   29   17   60 
   1   21    9   13    5   29   17   60 
   1   21    9   13    5   29   17   60 
   1    9    5   13   21   29   17 
   1    9   21    5   13   29   17 
   1    9   21    5   13   29   17 
   1    9   21    5   13   29   17 
   1    9   21    5   13   29   17 
   1    5   21    9   13   29   17 
   1    5    9   21   13   29   17 
   1    9   21    5   13   29   17 
   1    9   21    5   13   29   17 
   1    9    5   21   13   29   17 
   1    9    5   21   13   29   17 
   1    5    9   21   13   29   17 
   1    5    9   21   13   29   17 
   1    5    9   21   13   29   17 
   1    5    9   21   13   29   17 
   1    5    9   21   13   29   17 
   1    5    9   21   13   29   17 
   1    5    9   21   13   29   17 
   1    9    5   21   13   29   17 
   1    9    5   21   13   29   17 
   1    9    5   21   13   29   17 
   1    5    9   21   13   29   17 
   1    5    9   21   13   29   17 
   1    5    9   21   13   29   17 
   1    5    9   21   13   29   17 
   1    9   21    5   13   29   17 
   1    5   21    9   13   29   60   17 
   1    5   21    9   13   29   60   17 
   1   21    5    9   13   29   60   17 
   1    5   21    9   13   29   60   17 
   1   21    5    9   13   29   60   17 
   1    5   21   13    9   29   60   17 
   1    5   13   21    9   29   60   17 
   1   13    5   21    9   29   60   17 
   1   13   21    5    9   29   60   17 
   1   13   21    9    5   29   60   17 
   1   13   21    9    5   29   60   17 
   1   13    9   21    5   29   60   17 
   1    9   21   13    5   29   60   17 
   1    9   21   13    5   29   60   17 
   1    9   21   13    5   29   60   17 
   1    9   21   13    5   29   60   17 
   1    9   21   13    5   29   60   17 
   1    9   21   13    5   29   60   17 
   1    9   21    5   13   29   60   17 
   1    9   21    5   13   29   60   17 
   1    9   21    5   13   29   60   17 
   1    9   21    5   13   29   60   17 
   1    9   21    5   13   29   60   17 
   1    9   21    5   13   29   60   17 
   1   21    5    9   13   29   60   17 
   1    5    9   21   13   29   60   17 
   1    5    9   21   13   29   60   17 
   1    5    9   21   13   29   60   17 
   1    5    9   21   13   29   60 
   1    5    9   21   13   29   60 
   1    5    9   21   13   60   29 
   1    5    9   21   13   60   29 
   1    5    9   21   60   13   29 
   1    5    9   21   60   13   29 
   1    5    9   21   60   29   13 
   1    5    9   21   60   29   13 
   1    5    9   21   60   29   13 
   1    5    9   21   60   29   13 
   1    5    9   21   60   29   13 
   1    5   21    9   60   29   13 
   1    5   21    9   60   29   13 
   1    5   21    9   60   29   13 
   1   21    5    9   60   29   13 
   1   21    5    9   60   29   13 
   1   21    9    5   60   29   13 
   1   21    9    5   60   29   13 
   1    9   21    5   60   29   13 
   1    9   21    5   60   29   13 
   1    9   21    5   60   29   13 
   1   21    5    9   60   29   13 
   1   21    5    9   60   13   29 
   1   21    5    9   60   13   29 
   1   21    5    9   60   13   29 
   1   21    5   60    9   29   13 
   1   21    9   60    5   29   13 
   1   21    9   60    5   29   13 
   1   21    9   60    5   29   13 
   1   21    9   60    5   29   13 
   1    9   21   60    5   29   13 
   1   21    9   60    5   29   13 
   1   21    9   60    5   29   13 
   1   21    9   60    5   29   13 
   1   21    9   60    5   29   13 
   1   21    9   60    5   29   13 
   1   21   60    9    5   29   13 
   1   21   60    9    5   29   13 
   1   21   60    9    5   29   13 
   1   21   60    9    5   29   13 
   1   21    9   60    5   29   13 
   1   21   60    5    9   29   13 
   1   21   60    5    9   29   13 
   1   21   60    5    9   29   13 
   1   21    5   60    9   29   13 
   1   21    5   60    9   29   13 
   1    5   60   21    9   29   13 
   1    5   60   21    9   29   13 
   1    5   60    9   21   29   13 
   1    5   60    9   21   29   13 
   1    5   60    9   21   29   13 
   1   60    5    9   21   29   13 
   1   60    5    9   21   29   13 
   1   60    5    9   21   29   13 
   1   60   72    5   68    9   21   25   29   69   13 
   1   72    5   68    9   21   25   29   69   13 
   1    5   72   68    9   21   29   25   69   13 
   1    5   72   68    9   29   21   25   69   13 
   1    5   72   68   29    9   21   25   69   13 
   1   72    5   68   29    9   21   25   69   13 
   1   72    5   68   29    9   21   25   69   13 
   1   72    5   68   29    9   21   25   69   13 
   1   72    5   68    9   29   21   25   69   13 
   1   72    5   68   29    9   21   25   69   13 
   1    5   68   29    9   21   25   69   13 
   1    5   68   29    9   25   21   69   13 
   1    5   29   68   25    9   21   69   13 
   1    5   29   68   25   69    9   21   13 
   1    5   29   68   25   69    9   21   13 
   1    5   29   68   69   25    9   21   13 
   1    5   29   68   69   25    9   21   13 
   1    5   29   68   25   69    9   21   13 
   1   29   68   69   25    9   21 
   1   29   68   69   25 
   1   29   25   69   68 
   1   29   25   69   68 
   1   29   25   69   68 
   1   29   25   69   68 
   1   29   25   69   68 
   1   29   69   25   68 
   1   29   69   25   68 
   1   29   69   25   68 
   1   29   69   25   68 
   1   29   69   25   68 
   1   69   29   25   68 
   1   69   29   25   68 
   1   69   29   25   68 
   1   69   29   25   68 
   1   69   25   29   68 
   1   69   25   29   68 
   1   69   25   29   68 
   1   69   25   29   68 
   1   69   25   29   68 
   1   69   25   29   68 
   1   69   25   29   68 
   1   69   25   29   68 
   1   69   25   29   68 
   1   69   25   29   68 
   1   69   25   68   29 
   1   69   25   68   29 
   1   69   25   68   29 
   1   25   69   68   29 
   1   25   69   68   29 
   1   25   69   68   29 
   1   69   68   29 
   1   69   68   29 
   1   69   68   29 
   1   69   68   29 
   1   68   29 
   1   68   29 
   1   29 
   1   29 
   1   29 
   1   29 
   1   29 
   1   29 
   1   29 
   1   29 
   1   29 
   1   29 
   1   29 
   1   29 
   1   29 
   1   29 
   1   29 
   1   29 
   1   29 
   1   29 
   1   29 
   1   29 
   1   29 
   1   29 
   1   29 
   1   29 
   1   29 
   1   29 
   1   29 
   1   29 
   1   29 
   1   29 
   1   29 
   1   29 
   1   29 
   1   29 
   1   29 
   1   29 
   1   29 
   1   29 
   1   29 
   1   29 
   1   29 
   1   29 
   1   29 
   1   29 
   1   29 
   1   29 
   1   29 
   1   29 
   1   29 
   1   29 
   1   29 
   1   29 
   1   29 
   1   29 
   1   29 
   1   29 
   1   29 
   1   29 
   1   29 
   1   29 
   1   29 
   1   29 
   1   29 
   1   29 
   1   29 
   1   29 
   1   29 
   1   29 
   1   29 
   1   29 
   1   29 
   1   29 
   1   29 
   1   29 
   1   29 
   1   29 
   1   29 
   1   29 
   1   29 
   1   29 
   1   29 
   1   29 
   1   29 
   1   29 
   1   29 
   1   29 
   1   29 
   1   68   29   69 
   1   68   29   72    5   13   69   21    9   25 
   1   68   29   72    5   13   69   21    9   25 
   1   68   29   72    5   13   69   21    9   25 
   1   68   29   72    5   13   69   21    9   25 
   1   68   29   72    5   13   69   21    9   25 
   1   68   29   72    5   13   69   21    9   25 
   1   68   29   72    5   13   69   21    9   25 
   1   68   29   72    5   13   69   21    9   25 
   1   68   29   72    5   13   69   21    9   25 
   1   68   29   72    5   13   69   21    9   25 
   1   68   29   72    5   13   69   21    9   25 
   1   68   29   72    5   13   69   21    9   25 
   1   68   29   72    5   13   69   21    9   25 
   1   68   29   72    5   13   69   21    9   25 
   1   68   29   72    5   13   69   21    9   25 
   1   68   29   72    5   13 
   1   68   29   72    5   13 
   1   68   29   72    5   13 
   1   68   29   72    5   13 
   1   68   29   72    5   13 
   1   68   29   72    5   13 
   1   68   29   72    5   13 
   1   68   29   72    5   13 
   1   68   29   72    5   13 
   1   68   29   72    5   13 
   1   68   29   72    5   13   69   21    9   25 
   1   68   29   72    5   13   69   21    9   25 
   1   68   29   72    5   13   69   21    9   25 
   1   68   29   72    5   13   69   21    9   25 
   1   68   29   72    5   13   69   21    9   25 
   1   68   29   72    5   13   69   21    9   25 
   1   29   68   72    5   13   69   21    9   25 
   1   29   68   72    5   13   69   21    9   25 
   1   29   68   72    5   13   69   21    9   25 
   1   29   68   72    5   13   69   21    9   25 
   1   29   68   72    5   13   69   21    9   25 
   1   29   68   72    5   13   69   21    9   25 
   1   29   68   72    5   13   69   21    9   25 
   1   29   68   72    5   13   69   21    9   25 
   1   68   29   72    5   13   69   21    9   25 
   1   68   29   72    5   13   69   21    9   25 
   1   29   68   17   69    5   72   13   21    9   25 
   1   29   17   68   69    5   72   13   21    9   25 
   1   29   68   69 
   1   29   68   69 
   1   29   68   69 
   1   29   68   69 
   1   29   68   69 
   1   29   68   69 
   1   29   68   69 
   1   29   68   69 
   1   29   68   69 
   1   29   68   69 
   1   29   68   69 
   1   29   68   69 
   1   29   68   69 
   1   29   68   69 
   1   29   68   69 
   1   29   68   69 
   1   29   68   69 
   1   29   68   69 
   1   29   68   69 
   1   29   68   69 
   1   29   68   69 
   1   29   68   69 
   1   29   68   69 
   1   29   68   69 
   1   29   68   69 
   1   29   68   69 
   1   29   68   69 
   1   29   68   69 
   1   29   68   69 
   1   29   68   69 
   1   29   68   69 
   1   29   68   69 
   1   29   68   69 
   1   29   68   69 
   1   29   68   69 
   1   29   68   69 
   1   29   68   69 
   1   29   68   69 
   1   29   68   69 
   1   29   68   69 
   1   29   68   69 
   1   29   68   69 
   1   29   68   69 
   1   29   68   69 
   1   29   68   69 
   1   29   68   69 
   1   29   68   69 
   1   29   68   69 
   1   29   68   69 
   1   29   68   69 
   1   29   68   69 
   1   29   68   69 
   1   29   68   69 
   1   29   68   69 
   1   29   68   69 
   1   29   68   69 
   1   29   68   69 
   1   29   68   69 
   1   29   68   69 
   1   29   68   69 
   1   29   68   69 
   1   29   68   69 
   1   29   68   69 
   1   29   68   69 
   1   29   68   69 
   1   29   68   69 
   1   29   68   69 
   1   29   68   69 
   1   29   68   69 
   1   29   68   69 
   1   29   68   69 
   1   29   68   69 
   1   29   68   69 
   1   29   68   69 
   1   29   68   69 
   1   29   68   69 
   1   29   68   69 
   1   29   68   69 
   1   29   68   69 
   1   29   68   69 
   1   29   68   69 
   1   29   68   69 
   1   29   68   69 
   1   29   68   69 
   1   29   68   69 
   1   29   68   69 
   1   29   68   69 
   1   29   68   69 
   1   29   68   69 
   1   29   68   69 
   1   29   68   69 
   1   29   68   69 
   1   29   68   69 
   1   29   68   69 
   1   29   68   69 
   1   29   68   69 
   1   29   68   69 
   1   29   68   69 
   1   29   68   69 
   1   29   68   69 
   1   29   68   69 
   1   29   68   69 
   1   29   68   69 
   1   29   68   69 
   1   29   68   69 
   1   29   68   69 
   1   29   68   69 
   1   29   68   69 
   1   29   68   69 
   1   29   68   69 
   1   29   68   69 
   1   29   68   69 
   1   29   68   69 
   1   29   68   69 
   1   29   68   69 
   1   29   68   69 
   1   29   68   69 
   1   29   68   69 
   1   29   68   69 
   1   29   68   69 
   1   29   68   69 
   1   29   68   69 
   1   29   68   69 
   1   29   68   69 
   1   29   68   69 
   1   29   68   69 
   1   29   68   69 
   1   29   68   69 
   1   29   68   69 
   1   29   68   69 
   1   29   68   69 
   1   29   68   69 
   1   29   68   69 
   1   29   68   69 
   1   29   68   69 
   1   29   68   69 
   1   29   68   69 
   1   29   68   69 
   1   29   68   69 
   1   29   68   69 
   1   29   68   69 
   1   29   68   69 
   1   29   68   69 
   1   29   68   69 
   1   29   68   69 
   1   29   68   69 
   1   29   68   69 
   1   29   68   69 
   1   29   68   69 
   1   29   68   69 
   1   29   68   69 
   1   29   68   69 
   1   29   68   69 
   1   29   68   69 
   1   29   68   69 
   1   29   68   69 
   1   29   68   69 
   1   29   68   69 
   1   29   68   69 
   1   29   68   69 
   1   29   68   69 
   1   29   68   69 
   1   29   68   69 
   1   29   68   69 
   1   29   68   69 
   1   29   68   69 
   1   29   68   69 
   1   29   68   69 
   1   29   68   69 
   1   29   68   69 
   1   29   68   69 
   1   29   68   69 
   1   29   68   69 
   1   29   68   69 
   1   29   68   69 
   1   29   68   69 
   1   29   68   69 
   1   29   68   69 
   1   29   68   69 
   1   29   68   69 
   1   29   68   69 
   1   29   68   69 
   1   29   68   69 
   1   29   68   69 
   1   29   68   69 
   1   29   68   69 
   1   29   68   69 
   1   29   68   69 
   1   29   68   69 
   1   29   68   69 
   1   29   68   69 
   1   29   68   69 
   1   29   68   69 
   1   29   68   69 
   1   29   68   69 
   1   29   68   69 
   1   29   68   69 
   1   29   68   69 
   1   29   68   69 
   1   29   68   69 
   1   29   68   69 
   1   29   68   69 
   1   29   68   69 
   1   29   68   69 
   1   29   68   69 
   1   29   68   69 
   1   29   68   69 
   1   29   68   69 
   1   29   68   69 
   1   29   68   69 
   1   29   68   69 
   1   29   68   69 
   1   29   68   69 
   1   29   68   69 
   1   29   68   69 
   1   29   68   69 
   1   29   68   69 
   1   29   68   69 
   1   29   68   69 
   1   29   68   69 
   1   29   68   69 
   1   29   68   69 
   1   29   68   69 
   1   29   68   69 
   1   29   68   69 
   1   29   68   69 
   1   29   68   69 
   1   29   68   69 
   1   29   68   69 
   1   29   68   69 
   1   29   68   69 
   1   29   68   69 
   1   29   68   69 
   1   29   68   69 
   1   29   68   69 
   1   29   68   69 
   1   29   68   69 
   1   29   68   69 
   1   29   68   69 
   1   29   68   69 
   1   29   68   69 
   1   29   68   69 
   1   29   68   69 
   1   29   68   69 
   1   29   68   69 
   1   29   68   69 
   1   29   68   69 
   1   29   68   69 
   1   29   68   69 
   1   29   68   69 
   1   29   68   69 
   1   29   68   69 
   1   29   68   69 
   1   29   68   69 
   1   29   68   69 
   1   29   68   69 
   1   29   68   69 
   1   29   68   69 
   1   29   68   69 
   1   29   68   69 
   1   29   68   69 
   1   29   68   69 
   1   29   68   69 
   1   29   68   69 
   1   29   68   69 
   1   29   68   69 
   1   29   68   69 
   1   29   68   69 
   1   29   68   69 
   1   29   68   69 
   1   29   68   69 
   1   29   68   69 
   1   29   68   69 
   1   29   68   69 
   1   29   68   69 
   1   29   68   69 
   1   29   68   69 
   1   29   68   69 
   1   29   68   69 
   1   29   68   69 
   1   29   68   69 
   1   29   68   69 
   1   29   68   69 
   1   29   68   69 
   1   29   68   69 
   1   29   68   69 
   1   29   68   69 
   1   29   68   69 
   1   29   68   69 
   1   29   68   69 
   1   29   68   69 
   1   29   68   69 
   1   29   68   69 
   1   29   68   69 
   1   29   68   69 
   1   29   68   69 
   1   29   68   69 
   1   29   68   69 
   1   29   68   69 
   1   29   68   69 
   1   29   68   69 
   1   29   68   69 
   1   29   68   69 
   1   29   68   69 
   1   29   68   69 
   1   29   68   69 
   1   29   68   69 
   1   29   68   69 
   1   29   68   69 
   1   29   68   69 
   1   29   68   69 
   1   29   68   69 
   1   29   68   69 
   1   29   68   69 
   1   29   68   69 
   1   29   68   69 
   1   29   68   69 
   1   29   68   69 
   1   29   68   69 
   1   29   68   69 
   1   29   68   69 
   1   29   68   69 
   1   29   68   69 
   1   29   68   69 
   1   29   68   69 
   1   29   68   69 
   1   29   68   69 
   1   29   68   69 
   1   29   68   69 
   1   29   68   69 
   1   29   68   69 
   1   29   68   69 
   1   29   68   69 
   1   29   68   69 
   1   29   68   69 
   1   29   68   69 
   1   29   68   69 
   1   29   68   69 
   1   29   68   69 
   1   29   68   69 
   1   29   68   69 
   1   29   68   69 
   1   29   68   69 
   1   29   68   69 
   1   29   68   69 
   1   29   68   69 
   1   29   68   69 
   1   29   68   69 
   1   29   68   69 
   1   29   68   69 
   1   29   68   69 
   1   29   68   69 
   1   29   68   69 
   1   29   68   69 
   1   29   68   69 
   1   29   68   69 
   1   29   68   69 
   1   29   68   69 
   1   29   68   69 
   1   29   68   69 
   1   29   68   69 
   1   29   68   69 
   1   29   68   69 
   1   29   68   69 
   1   29   68   69 
   1   29   68   69 
   1   29   68   69 
   1   29   68   69 
   1   29   68   69 
   1   29   68   69 
   1   29   68   69 
   1   29   68   69 
   1   29   68   69 
   1   29   68   69 
   1   29   68   69 
   1   29   68   69 
   1   29   68   69 
   1   29   68   69 
   1   29   68   69 
   1   29   68   69 
   1   29   68   69 
   1   29   68   69 
   1   29   68   69 
   1   29   68   69 
   1   29   68   69 
   1   29   68   69 
   1   29   68   69 
   1   29   68   69 
   1   29   68   69 
   1   29   68   69 
   1   29   68   69 
   1   29   68   69 
   1   29   68   69 
   1   29   68   69    5   72   13   21    9   25 
   1   29   68   69 
   1   29   68   69    5   72   13   21    9   25 
   1   29   68   69    5   72   13   21    9   25 
   1   29   68   69    5   72   13   21    9   25 
   1   29   68   69    5   72   13   21    9   25 
   1   29   68   69    5   72   13   21    9   25 
   1   29   68   69    5   72   13   21    9   25 
   1   29   68   69    5   72   13   21    9   25 
   1   29   68   69    5   72   13   21    9   25 
   1   29   68   69    5   72   13   21    9   25 
   1   29   68   69    5   72   13   21    9   25 
   1   29   68   69    5   72   13   21    9   25 
   1   29   68   69    5   72   13   21    9   25 
   1   29   68   69    5   72   13   21    9   25 
   1   29   68   69    5   72   13   21    9   25 
   1   29   68   69    5   72   13   21    9   25 
   1   29   68   69    5   72   13   21    9   25 
   1   29   68   69    5   72   13   21    9   25 
   1   29   68   69    5   72   13   21    9   25 
   1   29   68   69    5   72   13   21    9   25 
   1   29   68   69    5   72   13   21    9   25 
   1   29   68   69    5   72   13   21    9   25 
   1   29   68   69    5   72   13   21    9   25 
   1   29   68   69    5   72   13   21    9   25 
   1   29   68   69    5   72   13   21    9   25 
   1   29   68   69    5   72   13   21    9   25 
   1   29   68   69    5   72   13   21    9   25 
   1   29   68   69    5   72   13   21    9   25 
   1   29   68   69    5   72   13   21    9   25 
   1   29   68   69    5   72   13   21    9   25 
   1   29   68   69 
   1   29   68   69 
   1   29   68   69 
   1   29   68   69 
   1   29   68   69 
   1   29   68   69 
   1   29   68   69 
   1   29   68   69 
   1   29   68   69 
   1   29   68   69 
   1   29   68   69 
   1   29   68   69 
   1   29   68   69 
   1   29   68   69 
   1   29   68   69 
   1   29   68   69 
   1   29   68   69 
   1   29   68   69 
   1   29   68   69 
   1   29   68   69 
   1   29   68   69 
   1   29   68   69 
   1   29   68   69 
   1   29   68   69 
   1   29   68   69 
   1   29   68   69 
   1   29   68   69 
   1   29   68   69 
   1   29   68   69 
   1   29   68   69 
   1   29   68   69 
   1   29   68   69 
   1   29   68   69 
   1   29   68   69 
   1   29   68   69 
   1   29   68   69 
   1   29   68   69 
   1   29   68   69 
   1   29   68   69 
   1   29   68   69 
   1   29   68   69 
   1   29   68   69 
   1   29   68   69 
   1   29   68   69 
   1   29   68   69 
   1   29   68   69 
   1   29   68   69 
   1   29   68   69 
   1   29   68   69 
   1   29   68   69 
   1   29   68   69 
   1   29   68   69 
   1   29   68   69 
   1   29   68   69 
   1   29   68   69 
   1   29   68   69 
   1   29   68   69 
   1   29   68   69 
   1   29   68   69 
   1   29   68   69 
   1   29   68   69 
   1   29   68   69 
   1   29   68   69 
   1   29   68   69 
   1   29   68   69 
   1   29   68   69 
   1   29   68   69 
   1   29   68   69 
   1   29   68   69 
   1   29   68   69 
   1   29   68   69 
   1   29   68   69 
   1   29   68   69 
   1   29   68   69 
   1   29   68   69 
   1   29   68   69 
   1   29   68   69 
   1   29   68   69 
   1   29   68   69 
   1   29   68   69 
   1   29   68   69 
   1   29   68   69 
   1   29   68   69 
   1   29   68   69 
   1   29   68   69 
   1   29   68   69 
   1   29   68   69 
   1   29   68   69 
   1   29   68   69 
   1   29   68   69 
   1   29   68   69 
   1   29   68   69 
   1   29   68   69 
   1   29   68   69 
   1   29   68   69 
   1   29   68   69 
   1   29   68   69 
   1   29   68   69 
   1   29   68   69 
   1   29   68   69 
   1   29   68   69 
   1   29   68   69 
   1   29   68   69 
   1   29   68   69 
   1   29   68   69 
   1   29   68   69 
   1   29   68   69 
   1   29   68   69 
   1   29   68   69 
   1   29   68   69 
   1   29   68   69 
   1   29   68   69 
   1   29   68   69 
   1   29   68   69 
   1   29   68   69 
   1   29   68   69 
   1   29   68   69 
   1   29   68   69 
   1   29   68   69 
   1   29   68   69 
   1   29   68   69 
   1   29   68   69 
   1   29   68   69 
   1   29   68   69 
   1   29   68   69 
   1   29   68   69 
   1   29   68   69 
   1   29   68   69 
   1   29   68   69 
   1   29   68   69 
   1   29   68   69 
   1   29   68   69 
   1   29   68   69 
   1   29   68   69 
   1   29   68   69 
   1   29   68   69 
   1   29   68   69 
   1   29   68   69 
   1   29   68   69 
   1   29   68   69 
   1   29   68   69 
   1   29   68   69 
   1   29   68   69 
   1   29   68   69 
   1   29   68   69 
   1   29   68   69 
   1   29   68   69 
   1   29   68   69 
   1   29   68   69 
   1   29   68   69 
   1   29   68   69 
   1   29   68   69 
   1   29   68   69 
   1   29   68   69 
   1   29   68   69 
   1   29   68   69 
   1   29   68   69 
   1   29   68   69 
   1   29   68   69 
   1   29   68   69 
   1   29   68   69 
   1   29   68   69 
   1   29   68   69 
   1   29   68   69 
   1   29   68   69 
   1   29   68   69 
   1   29   68   69 
   1   29   68   69 
   1   29   68   69 
   1   29   68   69 
   1   29   68   69 
   1   29   68   69 
   1   29   68   69 
   1   29   68   69 
   1   29   68   69 
   1   29   68   69 
   1   29   68   69 
   1   29   68   69 
   1   29   68   69 
   1   29   68   69 
   1   29   68   69 
   1   29   68   69 
   1   29   68   69 
   1   29   68   69 
   1   29   68   69 
   1   29   68   69 
   1   29   68   69 
   1   29   68   69 
   1   29   68   69 
   1   29   68   69 
   1   29   68   69 
   1   29   68   69 
   1   29   68   69 
   1   29   68   69 
   1   29   68   69 
   1   29   68   69 
   1   29   68   69 
   1   29   68   69 
   1   29   68   69 
   1   29   68   69 
   1   29   68   69 
   1   29   68   69 
   1   29   68   69 
   1   29   68   69 
   1   29   68   69 
   1   29   68   69 
   1   29   68   69 
   1   29   68   69 
   1   29   68   69 
   1   29   68   69 
   1   29   68   69 
   1   29   68   69 
   1   29   68   69 
   1   29   68   69 
   1   29   68   69 
   1   29   68   69 
   1   29   68   69 
   1   29   68   69 
   1   29   68   69 
   1   29   68   69 
   1   29   68   69 
   1   29   68   69 
   1   29   68   69 
   1   29   68   69 
   1   29   68   69 
   1   29   68   69 
   1   29   68   69 
   1   29   68   69 
   1   29   68   69 
   1   29   68   69 
   1   29   68   69 
   1   29   68   69 
   1   29   68   69 
   1   29   68   69 
   1   29   68   69 
   1   29   68   69 
   1   29   68   69 
   1   29   68   69 
   1   29   68   69 
   1   29   68   69 
   1   29   68   69 
   1   29   68   69 
   1   29   68   69 
   1   29   68   69 
   1   29   68   69 
   1   29   68   69 
   1   29   68   69 
   1   29   68   69 
   1   29   68   69 
   1   29   68   69 
   1   29   68   69 
   1   29   68   69 
   1   29   68   69 
   1   29   68   69 
   1   29   68   69 
   1   29   68   69 
   1   29   68   69 
   1   29   68   69 
   1   29   68   69 
   1   29   68   69 
   1   29   68   69 
   1   29   68   69 
   1   29   68   69 
   1   29   68   69 
   1   29   68   69 
   1   29   68   69 
   1   29   68   69 
   1   29   68   69 
   1   29   68   69 
   1   29   68   69 
   1   29   68   69 
   1   29   68   69 
   1   29   68   69 
   1   29   68   69 
   1   29   68   69 
   1   29   68   69 
   1   29   68   69 
   1   29   68   69 
   1   29   68   69 
   1   29   68   69 
   1   29   68   69 
   1   29   68   69 
   1   29   68   69 
   1   29   68   69 
   1   29   68   69 
   1   29   68   69 
   1   29   68   69 
   1   29   68   69 
   1   29   68   69 
   1   29   68   69 
   1   29   68   69 
   1   29   68   69 
   1   29   68   69 
   1   29   68   69 
   1   29   68   69 
   1   29   68   69 
   1   29   68   69 
   1   29   68   69 
   1   29   68   69 
   1   29   68   69 
   1   29   68   69 
   1   29   68   69 
   1   29   68   69 
   1   29   68   69 
   1   29   68   69 
   1   29   68   69 
   1   29   68   69 
   1   29   68   69 
   1   29   68   69 
   1   29   68   69 
   1   29   68   69 
   1   29   68   69 
   1   29   68   69 
   1   29   68   69 
   1   29   68   69 
   1   29   68   69 
   1   29   68   69 
   1   29   68   69 
   1   29   68   69 
   1   29   68   69 
   1   29   68   69 
   1   29   68   69 
   1   29   68   69 
   1   29   68   69 
   1   29   68   69 
   1   29   68   69 
   1   29   68   69 
   1   29   68   69 
   1   29   68   69 
   1   29   68   69 
   1   29   68   69 
   1   29   68   69 
   1   29   68   69 
   1   29   68   69 
   1   29   68   69 
   1   29   68   69 
   1   29   68   69 
   1   29   68   69 
   1   29   68   69 
   1   29   68   69 
   1   29   68   69 
   1   29   68   69 
   1   29   68   69 
   1   29   68   69 
   1   29   68   69 
   1   29   68   69 
   1   29   68   69 
   1   29   68   69 
   1   29   68   69 
   1   29   68   69 
   1   29   68   69 
   1   29   68   69 
   1   29   68   69 
   1   29   68   69 
   1   29   68   69 
   1   29   68   69 
   1   29   68   69 
   1   29   68   69 
   1   29   68   69 
   1   29   68   69 
   1   29   68   69 
   1   29   68   69 
   1   29   68   69 
   1   29   68   69 
   1   29   68   69 
   1   29   68   69 
   1   29   68   69 
   1   29   68   69 
   1   29   68   69 
   1   29   68   69 
   1   29   68   69 
   1   29   68   69 
   1   29   68   69 
   1   29   68   69 
   1   29   68   69 
   1   29   68   69 
   1   29   68   69 
   1   29   68   69 
   1   29   68   69 
   1   29   68   69 
   1   29   68   69 
   1   29   68   69 
   1   29   68   69 
   1   29   68   69 
   1   29   68   69 
   1   29   68   69 
   1   29   68   69 
   1   29   68   69 
   1   29   68   69 
   1   29   68   69 
   1   29   68   69 
   1   29   68   69 
   1   29   68   69 
   1   29   68   69 
   1   29   68   69 
   1   29   68   69 
   1   29   68   69 
   1   29   68   69 
   1   29   68   69 
   1   29   68   69 
   1   29   68   69 
   1   29   68   69 
   1   29   68   69 
   1   29   68   69 
   1   29   68   69 
   1   29   68   69 
   1   29   68   69 
   1   29   68   69 
   1   29   68   69 
   1   29   68   69 
   1   29   68   69 
   1   29   68   69 
   1   29   68   69 
   1   29   68   69 
   1   29   68   69 
   1   29   68   69 
   1   29   68   69 
   1   29   68   69 
   1   29   68   69 
   1   29   68   69 
   1   29   68   69 
   1   29   68   69 
   1   29   68   69 
   1   29   68   69 
   1   29   68   69 
   1   29   68   69 
   1   29   68   69 
   1   29   68   69 
   1   29   68   69 
   1   29   68   69 
   1   29   68   69 
   1   29   68   69 
   1   29   68   69 
   1   29   68   69 
   1   29   68   69 
   1   29   68   69 
   1   29   68   69 
   1   29   68   69 
   1   29   68   69 
   1   29   68   69 
   1   29   68   69 
   1   29   68   69 
   1   29   68   69 
   1   29   68   69 
   1   29   68   69 
   1   29   68   69 
   1   29   68   69 
   1   29   68   69 
   1   29   68   69 
   1   29   68   69 
   1   29   68   69 
   1   29   68   69 
   1   29   68   69 
   1   29   68   69 
   1   29   68   69 
   1   29   68   69 
   1   29   68   69 
   1   29   68   69 
   1   29   68   69 
   1   29   68   69 
   1   29   68   69 
   1   29   68   69 
   1   29   68   69 
   1   29   68   69 
   1   29   68   69 
   1   29   68   69 
   1   29   68   69 
   1   29   68   69 
   1   29   68   69 
   1   29   68   69 
   1   29   68   69 
   1   29   68   69 
   1   29   68   69 
   1   29   68   69 
   1   29   68   69 
   1   29   68   69 
   1   29   68   69 
   1   29   68   69 
   1   29   68   69 
   1   29   68   69 
   1   29   68   69 
   1   29   68   69 
   1   29   68   69 
   1   29   68   69 
   1   29   68   69 
   1   29   68   69 
   1   29   68   69 
   1   29   68   69 
   1   29   68   69 
   1   29   68   69 
   1   29   68   69 
   1   29   68   69 
   1   29   68   69 
   1   29   68   69 
   1   29   68   69 
   1   29   68   69 
   1   29   68   69 
   1   29   68   69 
   1   29   68   69 
   1   29   68   69 
   1   29   68   69 
   1   29   68   69 
   1   29   68   69 
   1   29   68   69 
   1   29   68   69 
   1   29   68   69 
   1   29   68   69 
   1   29   68   69 
   1   29   68   69 
   1   29   68   69 
   1   29   68   69 
   1   29   68   69 
   1   29   68   69 
   1   29   68   69 
   1   29   68   69 
   1   29   68   69 
   1   29   68   69 
   1   29   68   69 
   1   29   68   69 
   1   29   68   69 
   1   29   68   69 
   1   29   68   69 
   1   29   68   69 
   1   29   68   69 
   1   29   68   69 
   1   29   68   69 
   1   29   68   69 
   1   29   68   69 
   1   29   68   69 
   1   29   68   69 
   1   29   68   69 
   1   29   68   69 
   1   29   68   69 
   1   29   68   69 
   1   29   68   69 
   1   29   68   69 
   1   29   68   69 
   1   29   68   69 
   1   29   68   69 
   1   29   68   69 
   1   29   68   69 
   1   29   68   69 
   1   29   68   69 
   1   29   68   69 
   1   29   68   69 
   1   29   68   69 
   1   29   68   69 
   1   29   68   69 
   1   29   68   69 
   1   29   68   69 
   1   29   68   69 
   1   29   68   69 
   1   29   68   69 
   1   29   68   69 
   1   29   68   69 
   1   29   68   69 
   1   29   68   69 
   1   29   68   69 
   1   29   68   69 
   1   29   68   69 
   1   29   68   69 
   1   29   68   69 
   1   29   68   69 
   1   29   68   69 
   1   29   68   69 
   1   29   68   69 
   1   29   68   69 
   1   29   68   69 
   1   29   68   69 
   1   29   68   69 
   1   29   68   69 
   1   29   68   69 
   1   29   68   69 
   1   29   68   69 
   1   29   68   69 
   1   29   68   69 
   1   29   68   69 
   1   29   68   69 
   1   29   68   69 
   1   29   68   69 
   1   29   68   69 
   1   29   68   69 
   1   29   68   69 
   1   29   68   69 
   1   29   68   69 
   1   29   68   69 
   1   29   68   69 
   1   29   68   69 
   1   29   68   69 
   1   29   68   69 
   1   29   68   69 
   1   29   68   69 
   1   29   68   69 
   1   29   68   69 
   1   29   68   69 
   1   29   68   69 
   1   29   68   69 
   1   29   68   69 
   1   29   68   69 
   1   29   68   69 
   1   29   68   69 
   1   29   68   69 
   1   29   68   69 
   1   29   68   69 
   1   29   68   69 
   1   29   68   69 
   1   29   68   69 
   1   29   68   69 
   1   29   68   69 
   1   29   68   69 
   1   29   68   69 
   1   29   68   69 
   1   29   68   69 
   1   29   68   69 
   1   29   68   69 
   1   29   68   69 
   1   29   68   69 
   1   29   68   69 
   1   29   68   69 
   1   29   68   69 
   1   29   68   69    5   72   13   21    9   25 
   1   29   68   69    5   72   13   21    9   25 
   1   29   68   69    5   72   13   21    9   25 
   1   29   68   69    5   72   13   21    9   25 
   1   29   68   69    5   72   13   21    9   25 
   1   29   68   69    5   72   13   21    9   25 
   1   29   68   69    5   72   13   21    9   25 
   1   29   68   69    5   72   13   21    9   25 
   1   29   68   69    5   72   13   21    9   25 
   1   29   68   69    5   72   13   21    9   25 
   1   29   68   69    5   72   13   21    9   25 
   1   29   68   69    5   72   13   21    9   25 
   1   29   68   69    5   72   13   21    9   25 
   1   29   68   69    5   72   13   21    9   25 
   1   29   68   69    5   72   13   21    9   25 
   1   29   68   69    5   72   13   21    9   25 
   1   29   68   69    5   72   13   21    9   25 
   1   29   68   69    5   72   13   21    9   25 
   1   29   68   69    5   72   13   21    9   25 
   1   29   68   69    5   72   13   21    9   25 
   1   29   68   69    5   72   13   21    9   25 
   1   29   68   69    5   72   13   21    9   25 
   1   29   68   69 
   1   29   68   69 
   1   29   68   69 
   1   29   68   69    5   72   13   21    9   25 
   1   29   68   69    5   72   13   21    9   25 
   1   29   68   69 
   1   29   68   69    5   72   13   21    9   25 
   1   29   68   69    5   72   13   21    9   25 
   1   29   68   69    5   72   13   21    9   25 
   1   29   68   69    5   72   13   21    9   25 
   1   29   68   69    5   72   13   21    9   25 
   1   29   68   69    5   72   13   21    9   25 
   1   29   68   69    5   72   13   21    9   25 
   1   29   68   69    5   72   13   21    9   25 
   1   29   68   69    5   72   13   21    9   25 
   1   29   68   72    5   69   13   21    9   25 
   1   29   68   69    5   72   13   21    9   25 
   1   29   68   69    5   72   13   21    9   25 
   1   29   68   69    5   72   13   21    9   25 
   1   29   68   69    5   72   13   21    9   25 
   1   29   68   69    5   72   13   21    9   25 
   1   29   68   69    5   72   13   21    9   25 
   1   29   68   69    5   72   13   21    9   25 
   1   29   68   69    5   72   13   21    9   25 
   1   29   68   69    5   72   13   21    9   25 
   1   29   68   69    5   72   13   21    9   25 
   1   29   68   69    5   72   13   21    9   25 
   1   29   68   69    5   72   13   21    9   25 
   1   29   68   69    5   72   13   21    9   25 
   1   29   68   69    5   72   13   21    9   25 
   1   29   68   69    5   72   13   21    9   25 
   1   29   68   69    5   72   13   21    9   25 
   1   29   68   69    5   72   13   21    9   25 
   1   29   68   69    5   72   13   21    9   25 
   1   29   68   69    5   72   13   21    9   25 
   1   29   68   69    5   72   13   21    9   25 
   1   29   68   69    5   72   13   21    9   25 
   1   29   68   69    5   72   13   21    9   25 
   1   29   68   69    5   72   13   21    9   25 
   1   29   68   69    5   72   13   21    9   25 
   1   29   68   69    5   72   13   21    9   25 
   1   29   68   69    5   72   13   21    9   25 
   1   29   68   69    5   72   13   21    9   25 
   1   29   68    5   69   72   13   21    9   25 
   1   29   68    5   72   69   13   21    9   25 
   1   29   68    5   72   69   13   21    9   25 
   1   29   68    5   72   69   13   21    9   25 
   1   29   68    5   72   69   13   21    9   25 
   1   29   68   72    5   69   13   21    9   25 
   1   29   68   72    5   69   13   21    9   25 
   1   29   68   72    5   69   13   21    9   25 
   1   29   68   72    5   69   13   21    9   25 
   1   29   68   72    5   69   13   21    9   25 
   1   29   68   72    5   69   13   21    9   25 
   1   29   68   72    5   69   13   21    9   25 
   1   29   68   72    5   69   13   21    9   25 
   1   29   68   72    5   69   13   21    9   25 
   1   29   68   72    5   69   13   21    9   25 
   1   29   68   72    5   69   13   21    9   25 
   1   29   68   72    5   69   13   21    9   25 
   1   29   68   72    5   69   13   21    9   25 
   1   29   68   72    5   69   13   21    9   25 
   1   29   68   72    5   69   13   21    9   25 
   1   29   68   72    5   69   13   21    9   25 
   1   29   68   72    5   69   13   21    9   25 
   1   29   68   72    5   69   13   21    9   25 
   1   29   68   72    5   69   13   21    9   25 
   1   29   68   72    5   69   13   21    9   25 
   1   29   68   72    5   69   13   21    9   25 
   1   29   68   72    5   69   13   21    9   25 
   1   29   68   72    5   69   13   21    9   25 
   1   29   68   72    5   69   13   21    9   25 
   1   29   68   72    5   69   13   21    9   25 
   1   29   68   72    5   69   13   21    9   25 
   1   29   68   72    5   69   13   21    9   25 
   1   29   68   72    5   69   13   21    9   25 
   1   29   68   72    5   69   13   21    9   25 
   1   29   68   72    5   69   13   21    9   25 
   1   29   68   72    5   69   13   21    9   25 
   1   29   68   72    5   69   13   21    9   25 
   1   29   68   72    5   69   13   21    9   25 
   1   29   68   72    5   69   13   21    9   25 
   1   29   68   72    5   13   69   21    9   25 
   1   29   68   72    5   13   69   21    9   25 
   1   29   68   72    5   13   69   21    9   25 
   1   29   68   72    5   13   69   21    9   25 
   1   29   68   72    5   13   69   21    9   25 
   1   29   68   72    5   13   69   21    9   25 
   1   29   68   72    5   13   69   21    9   25 
   1   29   68   72    5   13   69   21    9   25 
   1   29   68   72    5   13   69   21    9   25 
   1   29   68   72    5   13   69   21    9   25 
   1   29   68   72    5   13   69   21    9   25 
   1   29   68   72    5   13   69   21    9   25 
   1   68   29   72    5   13   69   21    9   25 
   1   29   68   69 
   1   68   29   72    5   13   69   21    9   25 
   1   68   29   72    5   13   69   21    9   25 
   1   68   29   72    5   13   69   21    9   25 
   1   68   29   72    5   13   69   21    9   25 
   1   68   29   72    5   13   69   21    9   25 
   1   68   29   72    5   13   69   21    9   25 
   1   68   29   72    5   13   69   21    9   25 
   1   68   29   72    5   13   69   21    9   25 
   1   68   29   72    5   13   69   21    9   25 
   1   68   29   72    5   13   69   21    9   25 
   1   68   29   72    5   13   69   21    9   25 
   1   68   29   72    5   13   69   21    9   25 
   1   68   29   72    5   13   69   21    9   25 
   1   68   29   72    5   13   69   21    9   25 
   1   68   29   72    5   13   69   21    9   25 
   1   68   29   72    5   13   69   21    9   25 
   1   68   29   72    5   13   69   21    9   25 
   1   68   29   72    5   13   69   21    9   25 
   1   68   29   72    5   13   69   21    9   25 
   1   68   29   72    5   13   69   21    9   25 
   1   68   29   72    5   13   69   21    9   25 
   1   68   29   72    5   13   69   21    9   25 
   1   68   29   72    5   13   69   21    9   25 
   1   68   29   72    5   13   69   21    9   25 
   1   68   29   72    5   13   69   21    9   25 
   1   68   29   72    5   13   69   21    9   25 
   1   68   29   72    5   13   69   21    9   25 
   1   68   29   72    5   13   69   21    9   25 
   1   68   29   72    5   13   69   21    9   25 
   1   68   29   72    5   13   69   21    9   25 
   1   68   29   72    5   13   69   21    9   25 
   1   68   29   72    5   13   69   21    9   25 
   1   68   29   72    5   13   69   21    9   25 
   1   68   29   72    5   13   69   21    9   25 
   1   68   29   69 
   1   68   29   69 
   1   68   29   69 
   1   68   29   69 
   1   68   29   69 
   1   68   29   69 
   1   68   29   69 
   1   68   29   69 
   1   68   29   69 
   1   68   29   69 
   1   68   29   69 
   1   68   29   69 
   1   68   29   69 
   1   68   29   69 
   1   68   29   69 
   1   68   29   69 
   1   68   29   69 
   1   68   29   69 
   1   68   29   69 
   1   68   29   69 
   1   68   29   69 
   1   68   29   69 
   1   68   29   69 
   1   68   29   69 
   1   68   29   69 
   1   68   29   69 
   1   68   29   69 
   1   68   29   69 
   1   68   29   69 
   1   68   29   69 
   1   68   29   69 
   1   68   29   69 
   1   68   29   69 
   1   68   29   69 
   1   68   29   69 
   1   68   29   69 
   1   68   29   69 
   1   68   29   69 
   1   68   29   69 
   1   68   29   69 
   1   68   29   69 
   1   68   29   69 
   1   68   29   69 
   1   68   29   69 
   1   68   29   69 
   1   68   29 
   1   68   29   69 
   1   68   29   69 
   1   68   29   69 
   1   68   29 
   1   68   29 
   1   68   29 
   1   68   29 
   1   68   29 
   1   68   29 
   1   68   29 
   1   68   29 
   1   68   29 
   1   68   29 
   1   68   29 
   1   68   29 
   1   68   29 
   1   68   29 
   1   68   29 
   1   68   29 
   1   68   29 
   1   68   29 
   1   68   29 
   1   68   29 
   1   68   29 
   1   68   29 
   1   68   29 
   1   68   29 
   1   68   29 
   1   68   29 
   1   68   29 
   1   68   29 
   1   68   29 
   1   68   29 
   1   68   29 
   1   68   29 
   1   68   29 
   1   68   29 
   1   68   29 
   1   68   29 
   1   68   29 
   1   68   29 
   1   68   29 
   1   68   29 
   1   68   29 
   1   68   29 
   1   68   29 
   1   68   29 
   1   68   29 
   1   68   29 
   1   68   29 
   1   68   29 
   1   68   29 
   1   68   29 
   1   68   29 
   1   68   29 
   1   68   29 
   1   68   29 
   1   68   29 
   1   68   29 
   1   68   29 
   1   68   29 
   1   68   29 
   1   68   29 
   1   68   29 
   1   68   29 
   1   68   29 
   1   68   29 
   1   68   29 
   1   68   29 
   1   68   29 
   1   68   29 
   1   68   29 
   1   68   29 
   1   68   29 
   1   68   29 
   1   68   29 
   1   68   29 
   1   68   29 
   1   68   29 
   1   68   29 
   1   68   29 
   1   68   29 
   1   68   29 
   1   68   29 
   1   68   29 
   1   68   29 
   1   68   29 
   1   68   29 
   1   68   29 
   1   68   29 
   1   68   29 
   1   68   29 
   1   68   29 
   1   68   29 
   1   68   29 
   1   68   29 
   1   68   29 
   1   68   29 
   1   68   29 
   1   68   29 
   1   68   29 
   1   68   29 
   1   68   29 
   1   68   29 
   1   29   68 
   1   29   68 
   1   68   29 
   1   68   29 
   1   68   29 
   1   68   29 
   1   68   29 
   1   68   29 
   1   68   29 
   1   68   29 
   1   68   29 
   1   68   29 
   1   68   29 
   1   68   29 
   1   68   29 
   1   68   29 
   1   68   29 
   1   68   29 
   1   68   29 
   1   68   29 
   1   68   29 
   1   68   29 
   1   68   29 
   1   68   29 
   1   68   29 
   1   68   29 
   1   68   29 
   1   68   29 
   1   68   29 
   1   68   29 
   1   68   29 
   1   68   29 
   1   68   29 
   1   68   29 
   1   68   29 
   1   68   29 
   1   68   29 
   1   29   68 
   1   29   68 
   1   68   29 
   1   68   29 
   1   68   29 
   1   68   29 
   1   68   29 
   1   68   29 
   1   68   29 
   1   68   29 
   1   68   29 
   1   68   29 
   1   68   29 
   1   68   29 
   1   68   29 
   1   68   29 
   1   68   29 
   1   68   29 
   1   68   29 
   1   68   29 
   1   68   29 
   1   68   29 
   1   68   29 
   1   68   29 
   1   29   68 
   1   29   68 
   1   29   68 
   1   29   68 
   1   29   68 
   1   29   68 
   1   68   29 
   1   68   29 
   1   68   29 
   1   68   29 
   1   68   29 
   1   68   29 
   1   68   29 
   1   68   29 
   1   68   29 
   1   68   29 
   1   68   29 
   1   68   29 
   1   29   68 
   1   68   29 
   1   68   29 
   1   68   29 
   1   68   29 
   1   68   29 
   1   68   29 
   1   68   29 
   1   68   29 
   1   68   29 
   1   68   29 
   1   68   29 
   1   68   29 
   1   68   29 
   1   68   29 
   1   68   29 
   1   68   29 
   1   68   29 
   1   68   29 
   1   68   29 
   1   68   29 
   1   68   29 
   1   68   29 
   1   68   29 
   1   68   29 
   1   68   29 
   1   68   29 
   1   68   29 
   1   68   29 
   1   68   29 
   1   68   29 
   1   68   29 
   1   68   29 
   1   68   29 
   1   68   29 
   1   68   29 
   1   68   29 
   1   68   29 
   1   68   29 
   1   68   29 
   1   68   29 
   1   68   29 
   1   68   29 
   1   68   29 
   1   68   29 
   1   68   29 
   1   68   29 
   1   68   29 
   1   68   29 
   1   68   29 
   1   68   29 
   1   68   29 
   1   68   29 
   1   68   29 
   1   68   29 
   1   68   29 
   1   68   29 
   1   68   29 
   1   68   29 
   1   68   29 
   1   68   29 
   1   68   29 
   1   68   29 
   1   68   29 
   1   68   29 
   1   68   29 
   1   68   29 
   1   68   29 
   1   68   29 
   1   68   29 
   1   68   29 
   1   68   29 
   1   68   29 
   1   68   29 
   1   68   29 
   1   68   29 
   1   68   29 
   1   68   29 
   1   68   29 
   1   68   29 
   1   68   29 
   1   68   29 
   1   68   29 
   1   68   29 
   1   68   29 
   1   68   29 
   1   68   29 
   1   68   29 
   1   68   29 
   1   68   29 
   1   68   29 
   1   68   29 
   1   68   29 
   1   68   29 
   1   68   29 
   1   68   29 
   1   68   29 
   1   68   29 
   1   68   29 
   1   68   29 
   1   68   29 
   1   68   29 
   1   68   29 
   1   68   29 
   1   68   29 
   1   68   29 
   1   68   29 
   1   68   29 
   1   68   29 
   1   68   29 
   1   68   29 
   1   68   29 
   1   68   29 
   1   68   29 
   1   68   29 
   1   68   29 
   1   68   29 
   1   68   29 
   1   68   29 
   1   68   29 
   1   68   29 
   1   68   29 
   1   68   29 
   1   68   29 
   1   68   29 
   1   68   29 
   1   68   29 
   1   68   29 
   1   68   29 
   1   68   29 
   1   68   29 
   1   68   29 
   1   68   29 
   1   68   29 
   1   68   29 
   1   68   29 
   1   68   29 
   1   68   29 
   1   68   29 
   1   68   29 
   1   68   29   72    5   13 
   1   68   29   72    5   13 
   1   68   29   72    5   13 
   1   68   29   72    5   13 
   1   68   29   72    5   13 
   1   68   29   72    5   13 
   1   68   29   72    5   13 
   1   68   29   72    5   13 
   1   68   29   72    5   13 
   1   68   29   72    5   13 
   1   68   29   72    5   13 
   1   68   29   72    5   13 
   1   68   29   72    5   13 
   1   68   29   72    5   13 
   1   68   29   72    5   13 
   1   68   29   72    5   13 
   1   68   29   72    5   13 
   1   68   29   72    5   13 
   1   68   29   72    5   13 
   1   68   29   72    5   13 
   1   68   29   72    5   13 
   1   68   29   72    5   13 
   1   68   29   72    5   13 
   1   68   29   72    5   13 
   1   68   29   72    5   13 
   1   68   29   72    5   13 
   1   68   29   72    5   13 
   1   68   29   72    5   13 
   1   68   29   72    5   13 
   1   68   29   72    5   13 
   1   68   29   72    5   13 
   1   68   29   72    5   13 
   1   68   29   72    5   13 
   1   68   29   72    5   13 
   1   68   29   72    5   13 
   1   68   29   72    5   13 
   1   68   29   72    5   13 
   1   68   29   72    5   13 
   1   68   29   72    5   13 
   1   68   29   72    5   13 
   1   68   29   72    5   13 
   1   68   29   72    5   13 
   1   68   29   72    5   13 
   1   68   29   72    5   13 
   1   68   29   72    5   13 
   1   68   29   72    5   13 
   1   68   29   72    5   13 
   1   68   29   72    5   13 
   1   68   29   72    5   13 
   1   68   29   72    5   13 
   1   68   29   72    5   13 
   1   68   29   72    5   13 
   1   68   29   72    5   13 
   1   68   29   72    5   13 
   1   68   29   72    5   13 
   1   68   29   72    5   13 
   1   68   29   72    5   13 
   1   68   29   72    5   13 
   1   68   29   72    5   13 
   1   68   29   72    5   13 
   1   68   29   72    5   13 
   1   68   29   72    5   13 
   1   68   29   72    5   13 
   1   68   29   72    5   13 
   1   68   29   72    5   13 
   1   68   29   72    5   13 
   1   68   29   72    5   13 
   1   68   29   72    5   13 
   1   68   29   72    5   13 
   1   68   29   72    5   13 
   1   68   29   72    5   13 
   1   68   29   72    5   13 
   1   68   29   72    5   13 
   1   68   29   72    5   13 
   1   68   29   72    5   13 
   1   68   29   72    5   13 
   1   68   29   72    5   13 
   1   68   29   72    5   13 
   1   68   29   72    5   13 
   1   68   29   72    5   13 
   1   68   29   72    5   13 
   1   68   29   72    5   13 
   1   68   29   72    5   13 
   1   68   29   72    5   13 
   1   68   29   72    5   13 
   1   68   29   72    5   13 
   1   68   29   72    5   13 
   1   68   29   72    5   13 
   1   68   29   72    5   13 
   1   68   29   72    5   13 
   1   68   29   72    5   13 
   1   68   29   72    5   13 
   1   68   29   72    5   13 
   1   68   29   72    5   13 
   1   68   29   72    5   13 
   1   68   29   72    5   13 
   1   68   29   72    5   13 
   1   68   29   72    5   13 
   1   68   29   72    5   13 
   1   68   29   72    5   13 
   1   68   29   72    5   13 
   1   68   29   72    5   13 
   1   68   29   72    5   13 
   1   68   29   72    5   13 
   1   68   29   72    5   13 
   1   68   29   72    5   13 
   1   68   29   72    5   13 
   1   68   29   72    5   13 
   1   68   29   72    5   13 
   1   68   29   72    5   13 
   1   68   29   72    5   13 
   1   68   29   72    5   13 
   1   68   29   72    5   13 
   1   68   29   72    5   13 
   1   68   29   72    5   13 
   1   68   29   72    5   13 
   1   68   29   72    5   13 
   1   68   29   72    5   13 
   1   68   29   72    5   13 
   1   68   29   72    5   13 
   1   68   29   72    5   13 
   1   68   29   72    5   13 
   1   68   29   72    5   13 
   1   68   29   72    5   13 
   1   68   29   72    5   13 
   1   68   29   72    5   13 
   1   68   29   72    5   13 
   1   68   29   72    5   13 
   1   68   29   72    5   13 
   1   68   29   72    5   13 
   1   68   29   72    5   13 
   1   68   29   72    5   13 
   1   68   29   72    5   13 
   1   68   29   72    5   13 
   1   68   29   72    5   13 
   1   68   29   72    5   13 
   1   68   29   72    5   13 
   1   68   29   72    5   13 
   1   68   29   72    5   13 
   1   68   29   72    5   13 
   1   68   29   72    5   13 
   1   68   29   72    5   13 
   1   68   29   72    5   13 
   1   68   29   72    5   13 
   1   68   29   72    5   13 
   1   68   29   72    5   13 
   1   68   29   72    5   13 
   1   68   29   72    5   13 
   1   68   29   72    5   13 
   1   68   29   72    5   13 
   1   68   29   72    5   13 
   1   68   29   72    5   13 
   1   68   29   72    5   13 
   1   68   29   72    5   13 
   1   68   29   72    5   13 
   1   68   29   72    5   13 
   1   68   29   72    5   13 
   1   68   29   72    5   13 
   1   68   29   72    5   13 
   1   68   29   72    5   13 
   1   68   29   72    5   13 
   1   68   29   72    5   13 
   1   68   29   72    5   13 
   1   68   29   72    5   13 
   1   68   29   72    5   13 
   1   68   29   72    5   13 
   1   68   29   72    5   13 
   1   68   29   72    5   13 
   1   68   29   72    5   13 
   1   68   29   72    5   13 
   1   68   29   72    5   13 
   1   68   29   72    5   13 
   1   68   29   72    5   13 
   1   68   29   72    5   13 
   1   68   29   72    5   13 
   1   68   29   72    5   13 
   1   68   29   72    5   13 
   1   68   29   72    5   13 
   1   68   29   72    5   13 
   1   68   29   72    5   13 
   1   68   29   72    5   13 
   1   68   29   72    5   13 
   1   68   29   72    5   13 
   1   68   29   72    5   13 
   1   68   29   72    5   13 
   1   68   29   72    5   13 
   1   68   29   72    5   13 
   1   68   29   72   13    5 
   1   68   29   72   13    5 
   1   68   29   72   13    5 
   1   68   29   72   13    5 
   1   68   29   72   13    5 
   1   68   29   72   13    5 
   1   68   29   72   13    5 
   1   68   29   72   13    5 
   1   68   29   72   13    5 
   1   68   29   72   13    5 
   1   68   29   72   13    5 
   1   68   29   72   13    5 
   1   68   29   72   13    5 
   1   68   29   72   13    5 
   1   68   29   72   13    5 
   1   68   29   72   13    5 
   1   68   29   72   13    5 
   1   68   29   72   13    5 
   1   68   29   72   13    5 
   1   68   29   72   13    5 
   1   68   29   72   13    5 
   1   68   29   72   13    5 
   1   68   29   72   13    5 
   1   29   68   72   13    5 
   1   29   68   72   13    5 
   1   29   68   72   13    5 
   1   29   68   72   13    5 
   1   29   68   72   13    5 
   1   29   68   72   13    5 
   1   29   68   72   13    5 
   1   29   68   72   13    5 
   1   29   68   72   13    5 
   1   29   68   72   13    5 
   1   29   68    4   76   73   17   72   60   13    5 
   1   29   68    4 
   1   29   68    4 
   1   29   68    4 
   1   29   68    4 
   1   29   68    4 
   1   29   68    4 
   1   29   68    4 
   1   29   68    4 
   1   29   68    4 
   1   29   68    4 
   1   29   68    4 
   1   29   68    4 
   1   29    4   68 
   1   29    4   68 
   1   29    4   68 
   1   29    4   68 
   1   29    4   68 
   1   29    4   68 
   1   29    4   68 
   1   29    4   68 
   1   29    4   68 
   1   29    4   68 
   1   29    4   68 
   1   29    4   68 
   1   29    4 
   1   29 
   1   29 
   1   29 
   1   29 
   1   29 
   1   29 
   1   29 
   1   29 
   1   29 
   1   29 
   1   29 
   1   29 
   1   29 
   1   29 
   1   29 
   1   29 
   1   29 
   1   29 
   1   29 
   1   29 
   1   29 
   1   29 
   1   29 
   1   29 
   1   29 
   1   29 
   1   29 
   1   29 
   1   29 
   1   29 
   1   29 
   1   29 
   1   29 
   1   29 
   1   29 
   1   29 
   1   29 
   1   29 
   1 
   1 
   1 
   1 
   1 
   1 
   1 
   1 
   1 
   1 
   1 
   1 
   1   64   65   61 
   1   64   65   61 
   1   64   65   61 
   1   64   65   61 
   1   64   65   61 
   1   64   65   61 
   1   65   64   61 
   1 
   1 
   1 
   1 
   1 
   1 
   1 
   1 
   1 
   1 
   1 
   1 
   1 
   1 
   1 
   1 
   1 
   1 
   1 
   1 
   1 
   1 
   1 
   1 
   1 
   1 
   1 
   1 
   1 
   1 
   1 
   1 
   1 
   1 
   1 
   1 
   1 
   1 
   1 
   1 
   1 
   1 
   1 
   1 
   1 
   1 
   1 
   1 
   1 
   1 
   1 
   1 
   1 
   1 
   1 
   1 
   1 
   1 
   1 
   1 
   1 
   1 
   1 
   1 
   1 
   1 
   1 
   1 
   1 
   1 
   1 
   1 
   1 
   1 
   1 
   1 
   1 
   1 
   1 
   1 
   1 
   1 
   1 
   1 
   1 
   1 
   1 
   1 
   1 
   1 
   1 
   1 
   1 
   1 
   1 
   1 
   1 
   1 
   1 
   1 
   1 
   1 
   1 
   1 
   1 
   1 
   1 
   1 
   1 
   1 
   1 
   1 
   1 
   1 
   1 
   1 
   1 
   1 
   1 
   1 
   1 
   1 
   1 
   1   84   85 
   1   84   85 
   1   84   85 
   1   84   85 
   1   84   85 
   1   84   85 
   1   84   85 
   1   84   85 
   1   84   85 
   1   84   85 
   1   84   85 
   1   84   85 
   1   84   85 
   1   84   85 
   1   84   85 
   1   84   85 
   1   84   85 
   1   84   85 
   1   84   85 
   1   84   85 
   1   84   85 
   1   84   85 
   1   84   85 
   1   84   85 
   1   84   85 
   1   84   85 
   1   84   85 
   1   84   85 
   1   84   85 
   1   84   85 
   1   84   85 
   1   84   85 
   1   84   85 
   1   84   85 
   1   84   85 
   1   84   85 
   1   84   85 
   1   84   85 
   1   84   85 
   1   84   85 
   1   84   85 
   1   84   85 
   1   84   85 
   1   84   85 
   1   84   85 
   1   84   85 
   1   84   85 
   1   84   85 
   1   84   85 
   1   84   85 
   1   84   85 
   1   84   85 
   1   84   85 
   1   84   85 
   1   84   85 
   1   84   85 
   1   84   85 
   1   84   85 
   1   84   85 
   1   84   85 
   1   84   85 
   1   84   85 
   1   84   85 
   1   84   85 
   1   84   85 
   1   84   85 
   1   84   85 
   1   84   85 
   1   84   85 
   1   84   85 
   1   84   85 
   1   84   85 
   1   84   85 
   1   84   85 
   1   84   85 
   1   84   85 
   1   84   85 
   1   84   85 
   1   84   85 
   1   84   85 
   1   84   85 
   1   84   85 
   1   84   85 
   1   84   85 
   1   84   85 
   1   84   85 
   1   84   85 
   1   84   85 
   1   84   85 
   1   84   85 
   1   84   85 
   1   84   85 
   1   84   85 
   1   84   85 
   1   84   85 
   1   84   85 
   1   84   85 
   1   84   85 
   1   84   85 
   1   84   85 
   1   84   85 
   1   84   85 
   1   84   85 
   1   84   85 
   1   84 
   1   84 
   1   84 
   1   84 
   1   84 
   1   84 
   1   84 
   1   84 
   1   84 
   1   84 
   1   84 
   1   84 
   1   84 
   1   84 
   1   84 
   1   84 
   1   84 
   1   84 
   1   84 
   1   84 
   1   84 
   1   84 
   1   84 
   1   84 
   1   84 
   1   84 
   1   84 
   1   84 
   1   84 
   1   84 
   1   84 
   1   84 
   1   84 
   1   84 
   1   84 
   1   84 
   1   84 
   1   84 
   1   84 
   1   84   85 
   1   84   85 
   1   84   85 
   1   84   85 
   1   84   85 
   1   84   85 
   1   84   85 
   1   84   85 
   1   84   85 
   1   84   85 
   1   84   85 
   1   84   85 
   1   84   85 
   1   84   85 
   1   84   85 
   1   84   85 
   1   84   85 
   1   84   85 
   1   84   85 
   1   84   85 
   1   84   85 
   1   84   85 
   1   84   85 
   1   84   85 
   1   84   85 
   1   84   85 
   1   84   85 
   1   84   85 
   1   84   85 
   1   84   85 
   1   84   85 
   1   84   85 
   1   84   85 
   1   84   85 
   1   84   85 
   1   84   85 
   1   84   85 
   1   84   85 
   1   84   85 
   1   84   85 
   1   84   85 
   1   84   85 
   1   84   85 
   1   84   85 
   1   84   85 
   1   84   85 
   1   84   85 
   1   84   85 
   1   84   85 
   1   84   85 
   1   84   85 
   1   84   85 
   1   84   85 
   1   84   85 
   1   84   85 
   1   84   85 
   1   84   85 
   1   84   85 
   1   84   85 
   1   84   85 
   1   84   85 
   1   84   85 
   1   84   85 
   1   84   85 
   1   84   85 
   1   84   85 
   1   84   85 
   1   84   85 
   1   84   85 
   1   84   85 
   1   84   85 
   1   84   85 
   1   84   85 
   1   84   85 
   1   84   85 
   1   84   85 
   1   84   85 
   1   84   85 
   1   84   85 
   1   84   85 
   1   84   85 
   1   84   85 
   1   84   85 
   1   84   85 
   1   84   85 
   1   84   85 
   1   84   85 
   1   84   85 
   1   84   85 
   1   84   85 
   1   84   85 
   1   84   85 
   1   84   85 
   1   84   85 
   1   84   85 
   1   84   85 
   1   84   85 
   1   84   85 
   1   84   85 
   1   84   85 
   1   84   85 
