  13    5    1   17   29    9   21   60    4 
  13    5    1   17   29    9   21   60    4 
  13    5    1   17   29   21    9   60    4 
   5   13    1   17   29    9   21   60    4 
   5   13    1   17   29    9   21   60    4 
   5   13    1   17   29   21    9   60    4 
   5   13    1   17   29   21    9   60    4 
   5   13    1   17   29   21    9   60    4 
   5   13    1   17   29   21    9   60    4 
   5   13    1   17   29   21    9   60    4 
   5   13    1   17   29   21    9   60    4 
   5   13    1   17   29   21    9   60    4 
   5   13    1   17   29   21    9   60    4 
  13    5    1   17   29   21    9   60    4 
  13    5    1   29   17   21    9   60    4 
  13    5    1   29   17   21    9   60    4 
  13    5   29    1   17   21    9   60    4 
  13    5   29    1   17   21    9   60    4 
  13    5   29    1   17   21    9   60    4 
  13    5   29    1   17   21    9   60    4 
  13    5   29    1   17   21    9   60    4 
  13    5   17    1   29   21   60    9    4 
  13    5   17    1   29   21    9   60    4 
  13    5   17    1   29   21    9   60    4 
  13    5   17    1   29   21   60    9    4 
  13    5   17    1   29   21   60    9    4 
  13    5   17    1   29   21   60    9    4 
  13    5   17    1   29   21   60    9    4 
  13    5   17    1   29   21   60    9    4 
  13    5    1   17   29   21   60    9    4 
  13    5   17    1   29   21   60    9    4 
  13    5   17    1   29   21   60    9    4 
  13    5   17    1   29   21   60    9    4 
  13    5   17    1   29   21   60    9    4 
  13    5   17    1   29   21   60    9    4 
  13    5   17    1   29   21   60    9    4 
  13    5   17    1   29   21   60    9    4 
  13    5   17    1   29   21   60    9    4 
  13    5   17    1   29   21   60    9    4 
  13    5   17    1   29   21   60    9    4 
  13    5   17    1   29   21   60    9    4 
  13    5   17    1   29   21   60    9    4 
  13    5   17    1   29   21   60    9    4 
  13    5   17    1   29   21   60    9    4 
  13    5   17    1   29   21   60    9    4 
  13    5   17    1   29   21   60    9    4 
  13    5   17    1   29   21   60    9    4 
  13    5   17    1   21   29   60    9    4 
  13    5   17    1   29   21   60    9    4 
  13    5   17    1   21   29   60    9    4 
  13    5   17    1   21   29   60    9    4 
  13    5   17   21    1   29   60    9    4 
  13    5   17   21    1   29   60    9    4 
  13    5   17   21    1   29   60    9    4 
  13    5   17   21    1   29   60    9    4 
  13    5   17   21    1   29   60    9    4 
  13    5   17   29    1   21   60    9    4 
  69   13    5   68   25   17   29   21    1   60    9   72   73    4 
  69   13    5   68   25   17   29   21    1   60    9   72   73    4 
  69   13    5   25   68   17   29   21    1   60    9   72   73    4 
  69   13    5   68   25   17   29   21    1   60    9   72   73    4 
  69   13    5   68   25   17   29   21    1   60    9   72   73    4 
  69   13    5   68   25   17   29   21    1   60    9   72   73    4 
  69   13    5   68   25   17   29   21    1   60    9   72   73    4 
  69   13    5   68   25   17   29   21    1   60    9   72   73    4 
  69   13    5   68   25   17   29   21    1   60   73   72    9    4 
  69   13    5   68   25   17   29   21    1   60   73   72    9    4 
  69   13    5   68   25   17   21   29    1   60   73   72    9    4 
  69   13    5   68   25   17   21   29    1   60   73   72    9    4 
  69   13    5   68   25   17   21   29    1   60   73   72    9    4 
  69   13    5   25   68   17   29    1   21   60   73   72    9    4 
  69   13    5   25   68   17   29    1   21   60   73   72    9    4 
  69   13    5   17   25   68   29    1   21   60   73   72    9    4 
  69   13   25   17   68    1   21   29   60   73   72    9    4 
  69   13   25   17   68    1   21   29   60   73   72    9    4 
  69   13   17   25   68   29    1   60   73   72    4 
  69   25   68   17    1   29   60   73   72    4 
  69   25   68    9   13   17    1   29   60   73   72    4 
  69   25   68    9   13   17    1   29   60   73   72    4 
  69   25   68    9   17   13    1   29   60   73   72    4 
  69   25   68    9   17   13    1   29   60   73   72    4 
  69   25    9   17   68   13   29    1   60   73   72    4 
  69   25    9   17   68   13   29    1   60   73   72    4 
  76   25   17    9   68   13   69    1   29   72   60   73    5    4   21 
  76   25   17    9   68   13   69    1   29   72   60   73    5    4   21 
  76   25   17    9   68   13   69    1   29   72   60   73    5    4   21 
  76   25   17    9   68   13   69    1   29   72   60   73    5    4   21 
  76   25   17    9   68   13   69    1   29   72   60   73    5    4   21 
  76   25   17    9   68   13   69    1   29   72   60   73    5    4   21 
  76   25   17    9   68   13   69    1   29   72   60   73    5    4   21 
  76   25   17   68    9   13   69    1   29   72   60   73    5    4   21 
  76   25   68    9   13   69    1   72   60   73    5    4   21 
  76   25   68    9   13   69    1   72   60   73    5    4   21 
  76   25   68    9   13   69    1   72   60   73    5    4   21 
  76   25   68   13    9   69    1   72   60   73    5    4   21 
  25   68   13    9   69    1   72   60   73    5    4   21 
  25   68   13    9   69    1   72   60   73    5    4   21 
  25   68   13    9   69    1   72   60   73    5    4   21 
  25   68   13    9   69    1   72   60   73    5    4   21 
  25   68   13    9   69    1   72   60   73    5    4   21 
  25   68   13    9   69    1   72   60   73    5    4   21 
  25   68   13    9   69    1   72   60   73    5    4   21 
  25   68   13    9   69    1   72   60   73    5    4   21 
  25   68   13    9   69    1   72   60   73    5    4   21 
  25   68   13    9   69    1   72   60   73    5    4   21 
  25   68   13    9   69    1   72   60   73    5    4   21 
  25   68   13    9   69    1   72   60   73    5    4   21 
  25   68   13    9   69    1   72   60   73    5    4   21 
  25   68   13    9   69    1   72   60   73    5    4   21 
  25   68   13    9   69    1   72   60   73    5    4   21 
  25   68   13    9   69   72    1   60   73    5    4   21 
  25   68   13    9   69   72    1   60   73    5    4   21 
  25   68   13    9   69   72    1   60   73    5    4   21 
  25   68   13    9   69   72    1   60   73    5    4   21 
  25   68   13    9   69   72    1   60   73    5    4   21 
  25   68   13    9   69   72    1   60   73    5    4   21 
  25   68   13    9   69   72    1   60   73    5    4   21 
  25   68   13    9   69   72    1   60   73    5    4   21 
  25   68   13    9   69   72    1   60   73    5    4   21 
  25   68   13    9   72   69    1   60   73    5    4   21 
  25   68   13    9   72   69    1   60   73    5    4   21 
  25   68   13    9   72   69    1   60   73    5    4   21 
  25   68   13    9   72   69    1   60   73    5    4   21 
  25   68   13    9   72   69    1   60   73    5    4   21 
  25   68   13    9   72   69    1   60   73    5    4   21 
  25   68   13   72    9   69    1   60   73    5    4   21 
  25   68   72   13    9   69    1   60   73    5    4   21 
  25   68   72   13    9   69    1   60   73    5    4   21 
  25   68   72   13    9   69    1   60   73    5    4   21 
  72   25   68   13    9   69    1   60   73    5    4   21 
  72   25   68   13    9   69    1   60   73    5    4   21 
  72   25   68   13    9   69    1   60   73    5    4   21 
  72   25   68   13    9   69    1   60   73    5    4   21 
  72   25   68   13    9   69    1   60   73    5    4   21 
  72   25   68   13    9   69    1   60   73    5    4   21 
  72   25   68   13    9   69    1   60   73    5    4   21 
  72   25   68   13    9   69    1   60   73    5    4   21 
  72   25   68   13    9   69    1   60   73    5    4   21 
  72   25   68   13    9   69    1   60   73    5    4   21 
  72   25   68   13    9   69    1   60   73    5    4   21 
  72   25   68   13    9   69    1   60   73    5    4   21 
  72   25   68   13    9   69    1   60   73    5    4   21 
  72   25   68   13    9   69    1   60   73    5    4   21 
  72   25   68   13    9   69    1   60   73    5    4   21 
  72   25   68   13    9   69    1   60   73    5    4   21 
  72   25   68   13    9   69    1   60   73    5    4   21 
  72   25   68   13    9   69    1   60   73    5    4   21 
  72   25   68   13    9   69    1   60   73    5    4   21 
  72   25   68   13    9   69    1   60   73    5    4   21 
  72   25   68   13    9   69    1   60   73    5    4   21 
  72   25   68   13    9   69    1   60   73    5    4   21 
  72   25   68   13    9   69    1   60   73    5    4   21 
  72   25   68   13    9   69    1   60   73    5    4   21 
  72   25   68   13    9   69    1   60   73    5    4   21 
  72   25   68   13    9   69    1   60   73    5    4   21 
  72   25   68   13    9   69    1   60   73    5    4   21 
  72   25   68   13    9   69    1   60   73    5    4   21 
  72   25   68   13    9   69    1   60   73    5    4   21 
  72   25   68   13    9   69    1   60   73    5    4   21 
  72   25   68   13    9   69    1   60   73    5    4   21 
  72   25   68   13    9   69    1   60   73    5    4   21 
  72   25   68   13    9   69    1   60   73    5    4   21 
  72   25   68   13    9   69    1   60   73    5    4   21 
  72   25   68   13    9   69    1   60   73    5    4   21 
  72   25   68   13    9   69    1   60   73    5    4   21 
  72   25   68   13    9   69    1   60   73    5    4   21 
  72   25   68   13    9   69    1   60   73    5    4   21 
  72   25   68   13    9   69    1   60   73    5    4   21 
  72   25   68   13    9   69    1   60   73    5    4   21 
  72   25   68   13    9   69    1   60   73    5    4   21 
  72   25   68   13    9   69    1   60   73    5    4   21 
  72   25   68   13    9   69    1   60   73    5    4   21 
  72   25   68   13    9   69    1   60   73    5   21    4 
  72   25   68   13    9   69    1   60   73    5   21    4 
  72   25   68   13    9   69    1   60   73    5   21    4 
  72   25   68   13    9   69    1   60   73    5   21    4 
  72   25   68   13    9   69    1   60   73    5   21    4 
  72   25   68   13    9   69    1   60   73    5   21    4 
  72   25   68   13    9   69    1   60   73    5   21    4 
  72   25   68   13    9   69    1   60   73    5   21    4 
  72   25   68   13    9   69    1   60   73    5   21    4 
  72   25   68   13    9   69    1   60   73    5   21    4 
  72   25   68   13    9   69    1   60   73    5   21    4 
  72   25   68   13    9   69    1   60   73    5   21    4 
  72   25   68   13    9   69    1   60   73    5   21    4 
  72   25   68   13    9   69    1   60   73    5   21    4 
  72   25   68   13    9   69    1   60   73    5   21    4 
  72   25   68   13    9   69    1   60   73    5   21    4 
  72   25   68   13    9   69    1   60   73    5   21    4 
  72   25   68   13    9   69    1   60   73    5   21    4 
  72   25   68   13    9   69    1   60   73    5   21    4 
  72   25   68   13    9   69    1   60   73    5   21    4 
  72   25   68   13    9   69    1   60   73    5   21    4 
  72   25   68   13    9   69    1   60   73    5   21    4 
  72   25   68   13    9   69    1   60   73    5   21    4 
  72   25   68   13    9   69    1   60   73    5   21    4 
  72   25   68   13    9   69    1   60   73    5   21    4 
  72   25   68   13    9   69    1   60   73    5   21    4 
  72   25   68   13    9   69    1   60   73    5   21    4 
  72   25   68   13    9   69    1   60   73    5   21    4 
  72   25   68   13    9   69    1   60   73    5   21    4 
  72   25   68   13    9   69    1   60   73    5   21    4 
  72   25   68   13    9   69    1   60   73    5   21    4 
  72   25   68   13    9   69    1   60   73    5   21    4 
  72   25   68   13    9   69    1   60   73    5   21    4 
  72   25   68   13    9   69    1   60   73    5   21    4 
  72   25   68   13    9   69    1   60   73    5   21    4 
  25   68   13    9   69    1   72   60   73    5   21    4 
  25   68   13    9   69    1   72   60   73    5   21    4 
  25   68   13    9   69    1   72   60   73    5   21    4 
  25   68   13    9   69    1   72   60   73    5   21    4 
  25   68   13    9   69    1   72   60   73    5   21    4 
  25   68   13    9   69    1   72   60   73    5   21    4 
  25   68   13    9   69    1   72   60   73    5   21    4 
  25   68   13    9   69    1   72   60   73    5   21    4 
  25   68   13    9   69    1   72   60   73    5   21    4 
  25   68   13    9   69    1   72   60   73    5   21    4 
  25   68   13    9   69    1   72   60   73    5   21    4 
  25   68   13    9   69    1   72   60   73    5   21    4 
  25   68   13    9   69    1   72   60   73    5   21    4 
  25   68   13    9   69    1   72   60   73    5   21    4 
  25   68   13    9   69    1   72   60   73    5   21    4 
  25   68   13    9   69    1   72   60   73    5   21    4 
  25   68   13    9   69    1   72   60   73    5   21    4 
  25   68   13    9   69    1   72   60   73    5   21    4 
  25   68   13    9   69    1   72   60   73    5   21    4 
  25   68   13    9   69    1   72   60   73    5   21    4 
  25   68   13    9   69    1   72   60   73   21    5    4 
  25   68   13    9   69    1   72   60   73   21    5    4 
  25   68   13    9   69    1   72   60   21   73    5    4 
  25   68   13    9   69    1   72   60   21   73    5    4 
  25   68   13    9   69    1   72   21   60   73    5    4 
  25   68   13    9   69    1   21   72   60   73    5    4 
  25   68   13    9   69    1   21   72   60   73    5    4 
  25   68   13    9   69    1   21   72   60   73    5    4 
  25   68   13    9   69    1   21   72   60   73    5    4 
  25   68   13    9   69    1   21   72   60   73    5    4 
  25   68   13    9   69    1   21   72   60   73    5    4 
  25   68   13    9   69    1   21   72   60   73    5    4 
  25   68   13    9   69    1   21   72   60   73    5    4 
  25   68   13    9   69    1   21   72   60   73    5    4 
  25   68   13    9   69    1   21   72   60   73    5    4 
  25   68   13    9   69    1   21   72   60   73    5    4 
  25   68   13    9   69    1   21   72   60   73    5    4 
  25   68   13    9   69    1   21   72   60   73    5    4 
  25   68   13    9   69    1   21   72   60   73    5    4 
  25   68   13    9   69    1   21   72   60   73    5    4 
  25   68   13    9   69    1   21   72   60   73    5    4 
  25   68   13    9   69    1   21   72   60   73    5    4 
  25   68   13    9   69    1   21   72   60   73    5    4 
  25   68   13    9   69    1   21   72   60   73    5    4 
  25   68   13    9   69    1   21   72   60   73    5    4 
  25   68   13    9   69    1   21   72   60   73    5    4 
  25   68   13    9   69    1   21   72   60   73    5    4 
  25   68   13    9   69    1   21   72   60   73    5    4 
  25   68   13    9   69    1   21   72   60   73    5    4 
  25   68   13    9   69    1   21   72   60   73    5    4 
  25   68   13    9   69    1   21   72   60   73    5    4 
  25   68   13    9   69    1   21   72   60   73    5    4 
  25   68   13    9   69    1   21   72   60   73    5    4 
  25   68   13    9   69    1   21   72   60   73    5    4 
  25   68   13    9   69    1   21   72   60   73    5    4 
  25   68   13    9   69    1   21   72   60   73    5    4 
  25   68   13    9   69    1   21   72   60   73    5    4 
  25   68   13    9   69    1   21   72   60   73    5    4 
  25   68   13    9   69    1   21   72   60   73    5    4 
  25   68   13    9   69    1   21   72   60   73    5    4 
  25   68   13    9   69    1   21   72   60   73    5    4 
  25   68   13    9   69    1   21   72   60   73    5    4 
  25   68   13    9   69    1   21   72   60   73    5    4 
  25   68   13    9   69    1   21   72   60   73    5    4 
  25   68   13    9   69    1   21   72   60   73    5    4 
  25   68   13    9   69    1   21   72   60   73    5    4 
  25   68   13    9   69    1   21   72   60   73    5    4 
  25   68   13    9   69    1   21   72   60   73    5    4 
  25   68   13    9   69    1   21   72   60   73    5    4 
  25   68   13    9   69    1   21   72   60   73    5    4 
  25   68   13    9   69    1   21   72   60   73    5    4 
  25   68   13    9   69    1   21   72   60   73    5    4 
  25   68   13    9   69    1   21   72   60   73    5    4 
  25   68   13    9   69    1   21   72   60   73    5    4 
  25   68   13    9   69    1   21   72   60   73    5    4 
  25   68   13    9   69    1   21   72   60   73    5    4 
  25   68   13    9   69    1   21   72   60   73    5    4 
  25   68   13    9   69    1   21   72   60   73    5    4 
  25   68   13    9   69    1   21   72   60   73    5    4 
  25   68   13    9   69    1   21   72   60   73    5    4 
  25   68   13    9   69    1   21   72   60   73    5    4 
  25   68   13    9   69    1   21   72   60   73    5    4 
  25   68   13    9   69    1   21   72   60   73    5    4 
  25   68   13    9   69    1   21   72   60   73    5    4 
  25   68   13    9   69    1   21   72   60   73    5    4 
  25   68   13    9   69    1   21   72   60   73    5    4 
  25   68   13    9   69    1   21   72   60   73    5    4 
  25   68   13    9   69    1   21   72   60   73    5    4 
  25   68   13    9   69    1   21   72   60   73    5    4 
  25   68   13    9   69    1   21   72   60   73    5    4 
  25   68   13    9   69    1   21   72   60   73    5    4 
  25   68   13    9   69    1   21   72   60   73    5    4 
  25   68   13    9   69    1   21   72   60   73    5    4 
  25   68   13    9   69    1   21   72   60   73    5    4 
  25   68   13    9   69    1   21   72   60   73    5    4 
  25   68   13    9   69    1   21   72   60   73    5    4 
  25   68   13    9   69    1   21   72   60   73    5    4 
  25   68   13    9   69    1   21   72   60   73    5    4 
  25   68   13    9   69    1   21   72   60   73    5    4 
  25   68   13    9   69    1   21   72   60   73    5    4 
  25   68   13    9   69    1   21   72   60   73    5    4 
  25   68   13    9   69    1   21   72   60   73    5    4 
  25   68   13    9   69    1   21   72   60   73    5    4 
  25   68   13    9   69    1   21   72   60   73    5    4 
  25   68   13    9   69    1   21   72   60   73    5    4 
  25   68   13    9   69    1   21   72   60   73    5    4 
  25   68   13    9   69    1   21   72   60   73    5    4 
  25   68   13    9   69    1   21   72   60   73    5    4 
  25   68   13    9   69    1   21   72   60   73    5    4 
  25   68   13    9   69    1   21   72   60   73    5    4 
  25   68   13    9   69    1   21   72   60   73    5    4 
  25   68   13    9   69    1   21   72   60   73    5    4 
  25   68   13    9   69    1   21   72   60   73    5    4 
  25   68   13    9   69    1   21   72   60   73    5    4 
  25   68   13    9   69    1   21   72   60   73    5    4 
  25   68   13    9   69    1   21   72   60   73    5    4 
  25   68   13    9   69    1   21   72   60   73    5    4 
  25   68   13    9   69    1   21   72   60   73    5    4 
  25   68   13    9   69    1   21   72   60   73    5    4 
  25   68   13    9   69    1   21   72   60   73    5    4 
  25   68   13    9   69    1   21   72   60   73    5    4 
  25   68   13    9   69    1   21   72   60   73    5    4 
  25   68   13    9   69    1   21   72   60   73    5    4 
  25   68   13    9   69    1   21   72   60   73    5    4 
  25   68   13    9   69    1   21   72   60   73    5    4 
  25   68   13    9   69    1   21   72   60   73    5    4 
  25   68   13    9   69    1   21   72   60   73    5    4 
  25   68   13    9   69    1   21   72   60   73    5    4 
  25   68   13    9   69    1   21   72   60   73    5    4 
  25   68   13    9   69    1   21   72   60   73    5    4 
  25   68   13    9   69    1   21   72   60   73    5    4 
  25   68   13    9   69    1   21   72   60   73    5    4 
  25   68   13    9   69    1   21   72   60   73    5    4 
  25   68   13    9   69    1   21   72   60   73    5    4 
  25   68   13    9   69    1   21   72   60   73    5    4 
  25   68   13    9   69    1   21   72   60   73    5    4 
  25   68   13    9   69    1   21   72   60   73    5    4 
  25   68   13    9   69    1   21   72   60   73    5    4 
  25   68   13    9   69    1   21   72   60   73    5    4 
  25   68   13    9   69    1   21   72   60   73    5    4 
  25   68   13    9   69    1   21   72   60   73    5    4 
  25   68   13    9   69    1   21   72   60   73    5    4 
  25   68   13    9   69    1   21   72   60   73    5    4 
  25   68   13    9   69    1   21   72   60   73    5    4 
  25   68   13    9   69    1   21   72   60   73    5    4 
  25   68   13    9   69    1   21   72   60   73    5    4 
  25   68   13    9   69    1   21   72   60   73    5    4 
  25   68   13    9   69    1   21   72   60   73    5    4 
  25   68   13    9   69    1   21   72   60   73    5    4 
  25   68   13    9   69    1   21   72   60   73    5    4 
  25   68   13    9   69    1   21   72   60   73    5    4 
  25   68   13    9   69    1   21   72   60   73    5    4 
  25   68   13    9   69    1   21   72   60   73    5    4 
  25   68   13    9   69    1   21   72   60   73    5    4 
  25   68   13    9   69    1   21   72   60   73    5    4 
  25   68   13    9   69    1   21   72   60   73    5    4 
  25   68   13    9   69    1   21   72   60   73    5    4 
  25   68   13    9   69    1   21   72   60   73    5    4 
  25   68   13    9   69    1   21   72   60   73    5    4 
  25   68   13    9   69    1   21   72   60   73    5    4 
  25   68   13    9   69    1   21   72   60   73    5    4 
  25   68   13    9   69    1   21   72   60   73    5    4 
  25   68   13    9   69    1   21   72   60   73    5    4 
  25   68   13    9   69    1   21   72   60   73    5    4 
  25   68   13    9   69    1   21   72   60   73    5    4 
  25   68   13    9   69    1   21   72   60   73    5    4 
  25   68   13    9   69    1   21   72   60   73    5    4 
  25   68   13    9   69    1   21   72   60   73    5    4 
  25   68   13    9   69    1   21   72   60   73    5    4 
  25   68   13    9   69    1   21   72   60   73    5    4 
  25   68   13    9   69    1   21   72   60   73    5    4 
  25   68   13    9   69    1   21   72   60   73    5    4 
  25   68   13    9   69    1   21   72   60   73    5    4 
  25   68   13    9   69    1   21   72   60   73    5    4 
  25   68   13    9   69    1   21   72   60   73    5    4 
  25   68   13    9   69    1   21   72   60   73    5    4 
  25   68   13    9   69    1   21   72   60   73    5    4 
  25   68   13    9   69    1   21   72   60   73    5    4 
  25   68   13    9   69    1   21   72   60   73    5    4 
  25   68   13    9   69    1   21   72   60   73    5    4 
  25   68   13    9   69    1   21   72   60   73    5    4 
  25   68   13    9   69    1   21   72   60   73    5    4 
  25   68   13    9   69    1   21   72   60   73    5    4 
  25   68   13    9   69    1   21   72   60   73    5    4 
  25   68   13    9   69    1   21   72   60   73    5    4 
  25   68   13    9   69    1   21   72   60   73    5    4 
  25   68   13    9   69    1   21   72   60   73    5    4 
  25   68   13    9   69    1   21   72   60   73    5    4 
  25   68   13    9   69    1   21   72   60   73    5    4 
  25   68   13    9   69    1   21   72   60   73    5    4 
  25   68   13    9   69    1   21   72   60   73    5    4 
  25   68   13    9   69    1   21   72   60   73    5    4 
  25   68   13    9   69    1   21   72   60   73    5    4 
  25   68   13    9   69    1   21   72   60   73    5    4 
  25   68   13    9   69    1   21   72   60   73    5    4 
  25   68   13    9   69    1   21   72   60   73    5    4 
  25   68   13    9   69    1   21   72   60   73    5    4 
  25   68   13    9   69    1   21   72   60   73    5    4 
  25   68   13    9   69    1   21   72   60   73    5    4 
  25   68   13    9   69    1   21   72   60   73    5    4 
  25   68   13    9   69    1   21   72   60   73    5    4 
  25   68   13    9   69    1   21   72   60   73    5    4 
  25   68   13    9   69    1   21   72   60   73    5    4 
  25   68   13    9   69    1   21   72   60   73    5    4 
  25   68   13    9   69    1   21   72   60   73    5    4 
  25   68   13    9   69    1   21   72   60   73    5    4 
  25   68   13    9   69    1   21   72   60   73    5    4 
  25   68   13    9   69    1   21   72   60   73    5    4 
  25   68   13    9   69    1   21   72   60   73    5    4 
  25   68   13    9   69    1   21   72   60   73    5    4 
  25   68   13    9   69    1   21   72   60   73    5    4 
  25   68   13    9   69    1   21   72   60   73    5    4 
  25   68   13    9   69    1   21   72   60   73    5    4 
  25   68   13    9   69    1   21   72   60   73    5    4 
  25   68   13    9   69    1   21   72   60   73    5    4 
  25   68   13    9   69    1   21   72   60   73    5    4 
  25   68   13    9   69    1   21   72   60   73    5    4 
  25   68   13    9   69    1   21   72   60   73    5    4 
  25   68   13    9   69    1   21   72   60   73    5    4 
  25   68   13    9   69    1   21   72   60   73    5    4 
  25   68   13    9   69    1   21   72   60   73    5    4 
  25   68   13    9   69    1   21   72   60   73    5    4 
  25   68   13    9   69    1   21   72   60   73    5    4 
  25   68   13    9   69    1   21   72   60   73    5    4 
  25   68   13    9   69    1   21   72   60   73    5    4 
  25   68   13    9   69    1   21   72   60   73    5    4 
  25   68   13    9   69    1   21   72   60   73    5    4 
  25   68   13    9   69    1   21   72   60   73    5    4 
  25   68   13    9   69    1   21   72   60   73    5    4 
  25   68   13    9   69    1   21   72   60   73    5    4 
  25   68   13    9   69    1   21   72   60   73    5    4 
  25   68   13    9   69    1   21   72   60   73    5    4 
  25   68   13    9   69    1   21   72   60   73    5    4 
  25   68   13    9   69    1   21   72   60   73    5    4 
  25   68   13    9   69    1   21   72   60   73    5    4 
  25   68   13    9   69    1   21   72   60   73    5    4 
  25   68   13    9   69    1   21   72   60   73    5    4 
  25   68   13    9   69    1   21   72   60   73    5    4 
  25   68   13    9   69    1   21   72   60   73    5    4 
  25   68   13    9   69    1   21   72   60   73    5    4 
  25   68   13    9   69    1   21   72   60   73    5    4 
  25   68   13    9   69    1   21   72   60   73    5    4 
  25   68   13    9   69    1   21   72   60   73    5    4 
  25   68   13    9   69    1   21   72   60   73    5    4 
  25   68   13    9   69    1   21   72   60   73    5    4 
  25   68   13    9   69    1   21   72   60   73    5    4 
  25   68   13    9   69    1   21   72   60   73    5    4 
  25   68   13    9   69    1   21   72   60   73    5    4 
  25   68   13    9   69    1   21   72   60   73    5    4 
  25   68   13    9   69    1   21   72   60   73    5    4 
  25   68   13    9   69    1   21   72   60   73    5    4 
  25   68   13    9   69    1   21   72   60   73    5    4 
  25   68   13    9   69    1   21   72   60   73    5    4 
  25   68   13    9   69    1   21   72   60   73    5    4 
  25   68   13    9   69    1   21   72   60   73    5    4 
  25   68   13    9   69    1   21   72   60   73    5    4 
  25   68   13    9   69    1   21   72   60   73    5    4 
  25   68   13    9   69    1   21   72   60   73    5    4 
  25   68   13    9   69    1   21   72   60   73    5    4 
  25   68   13    9   69    1   21   72   60   73    5    4 
  25   68   13    9   69    1   21   72   60   73    5    4 
  25   68   13    9   69    1   21   72   60   73    5    4 
  25   68   13    9   69    1   21   72   60   73    5    4 
  25   68   13    9   69    1   21   72   60   73    5    4 
  25   68   13    9   69    1   21   72   60   73    5    4 
  25   68   13    9   69    1   21   72   60   73    5    4 
  25   68   13    9   69    1   21   72   60   73    5    4 
  25   68   13    9   69    1   21   72   60   73    5    4 
  25   68   13    9   69    1   21   72   60   73    5    4 
  25   68   13    9   69    1   21   72   60   73    5    4 
  25   68   13    9   69    1   21   72   60   73    5    4 
  25   68   13    9   69    1   21   72   60   73    5    4 
  25   68   13    9   69    1   21   72   60   73    5    4 
  25   68   13    9   69    1   21   72   60   73    5    4 
  25   68   13    9   69    1   21   72   60   73    5    4 
  25   68   13    9   69    1   21   72   60   73    5    4 
  25   68   13    9   69    1   21   72   60   73    5    4 
  25   68   13    9   69    1   21   72   60   73    5    4 
  25   68   13    9   69    1   21   72   60   73    5    4 
  25   68   13    9   69    1   21   72   60   73    5    4 
  25   68   13    9   69    1   21   72   60   73    5    4 
  25   68   13    9   69    1   21   72   60   73    5    4 
  25   68   13    9   69    1   21   72   60   73    5    4 
  25   68   13    9   69    1   21   72   60   73    5    4 
  25   68   13    9   69    1   21   72   60   73    5    4 
  25   68   13    9   69    1   21   72   60   73    5    4 
  25   68   13    9   69    1   21   72   60   73    5    4 
  25   68   13    9   69    1   21   72   60   73    5    4 
  25   68   13    9   69    1   21   72   60   73    5    4 
  25   68   13    9   69    1   21   72   60   73    5    4 
  25   68   13    9   69    1   21   72   60   73    5    4 
  25   68   13    9   69    1   21   72   60   73    5    4 
  25   68   13    9   69    1   21   72   60   73    5    4 
  25   68   13    9   69    1   21   72   60   73    5    4 
  25   68   13    9   69    1   21   72   60   73    5    4 
  25   68   13    9   69    1   21   72   60   73    5    4 
  25   68   13    9   69    1   21   72   60   73    5    4 
  25   68   13    9   69    1   21   72   60   73    5    4 
  25   68   13    9   69    1   21   72   60   73    5    4 
  25   68   13    9   69    1   21   72   60   73    5    4 
  25   68   13    9   69    1   21   72   60   73    5    4 
  25   68   13    9   69    1   21   72   60   73    5    4 
  25   68   13    9   69    1   21   72   60   73    5    4 
  25   68   13    9   69    1   21   72   60   73    5    4 
  25   68   13    9   69    1   21   72   60   73    5    4 
  25   68   13    9   69    1   21   72   60   73    5    4 
  25   68   13    9   69    1   21   72   60   73    5    4 
  25   68   13    9   69    1   21   72   60   73    5    4 
  25   68   13    9   69    1   21   72   60   73    5    4 
  25   68   13    9   69    1   21   72   60   73    5    4 
  25   68   13    9   69    1   21   72   60   73    5    4 
  25   68   13    9   69    1   21   72   60   73    5    4 
  25   68   13    9   69    1   21   72   60   73    5    4 
  25   68   13    9   69    1   21   72   60   73    5    4 
  25   68   13    9   69    1   21   72   60   73    5    4 
  25   68   13    9   69    1   21   72   60   73    5    4 
  25   68   13    9   69    1   21   72   60   73    5    4 
  25   68   13    9   69    1   21   72   60   73    5    4 
  25   68   13    9   69    1   21   72   60   73    5    4 
  25   68   13    9   69    1   21   72   60   73    5    4 
  25   68   13    9   69    1   21   72   60   73    5    4 
  25   68   13    9   69    1   21   72   60   73    5    4 
  25   68   13    9   69    1   21   72   60   73    5    4 
  25   68   13    9   69    1   21   72   60   73    5    4 
  25   68   13    9   69    1   21   72   60   73    5    4 
  25   68   13    9   69    1   21   72   60   73    5    4 
  25   68   13    9   69    1   21   72   60   73    5    4 
  25   68   13    9   69    1   21   72   60   73    5    4 
  25   68   13    9   69    1   21   72   60   73    5    4 
  25   68   13    9   69    1   21   72   60   73    5    4 
  25   68   13    9   69    1   21   72   60   73    5    4 
  25   68   13    9   69    1   21   72   60   73    5    4 
  25   68   13    9   69    1   21   72   60   73    5    4 
  25   68   13    9   69    1   21   72   60   73    5    4 
  25   68   13    9   69    1   21   72   60   73    5    4 
  25   68   13    9   69    1   21   72   60   73    5    4 
  25   68   13    9   69    1   21   72   60   73    5    4 
  25   68   13    9   69    1   21   72   60   73    5    4 
  25   68   13    9   69    1   21   72   60   73    5    4 
  25   68   13    9   69    1   21   72   60   73    5    4 
  25   68   13    9   69    1   21   72   60   73    5    4 
  25   68   13    9   69    1   21   72   60   73    5    4 
  25   68   13    9   69    1   21   72   60   73    5    4 
  25   68   13    9   69    1   21   72   60   73    5    4 
  25   68   13    9   69    1   21   72   60   73    5    4 
  25   68   13    9   69    1   21   72   60   73    5    4 
  25   68   13    9   69    1   21   72   60   73    5    4 
  25   68   13    9   69    1   21   72   60   73    5    4 
  25   68   13    9   69    1   21   72   60   73    5    4 
  25   68   13    9   69    1   21   72   60   73    5    4 
  25   68   13    9   69    1   21   72   60   73    5    4 
  25   68   13    9   69    1   21   72   60   73    5    4 
  25   68   13    9   69    1   21   72   60   73    5    4 
  25   68   13    9   69    1   21   72   60   73    5    4 
  25   68   13    9   69    1   21   72   60   73    5    4 
  25   68   13    9   69    1   21   72   60   73    5    4 
  25   68   13    9   69    1   21   72   60   73    5    4 
  25   68   13    9   69    1   21   72   60   73    5    4 
  25   68   13    9   69    1   21   72   60   73    5    4 
  25   68   13    9   69    1   21   72   60   73    5    4 
  25   68   13    9   69    1   21   72   60   73    5    4 
  25   68   13    9   69    1   21   72   60   73    5    4 
  25   68   13    9   69    1   21   72   60   73    5    4 
  25   68   13    9   69    1   21   72   60   73    5    4 
  25   68   13    9   69    1   21   72   60   73    5    4 
  25   68   13    9   69    1   21   72   60   73    5    4 
  25   68   13    9   69    1   21   72   60   73    5    4 
  25   68   13    9   69    1   21   72   60   73    5    4 
  25   68   13    9   69    1   21   72   60   73    5    4 
  25   68   13    9   69    1   21   72   60   73    5    4 
  25   68   13    9   69    1   21   72   60   73    5    4 
  25   68   13    9   69    1   21   72   60   73    5    4 
  25   68   13    9   69    1   21   72   60   73    5    4 
  25   68   13    9   69    1   21   72   60   73    5    4 
  25   68   13    9   69    1   21   72   60   73    5    4 
  25   68   13    9   69    1   21   72   60   73    5    4 
  25   68   13    9   69    1   21   72   60   73    5    4 
  25   68   13    9   69    1   21   72   60   73    5    4 
  25   68   13    9   69    1   21   72   60   73    5    4 
  25   68   13    9   69    1   21   72   60   73    5    4 
  25   68   13    9   69    1   21   72   60   73    5    4 
  25   68   13    9   69    1   21   72   60   73    5    4 
  25   68   13    9   69    1   21   72   60   73    5    4 
  25   68   13    9   69    1   21   72   60   73    5    4 
  25   68   13    9   69    1   21   72   60   73    5    4 
  25   68   13    9   69    1   21   72   60   73    5    4 
  25   68   13    9   69    1   21   72   60   73    5    4 
  25   68   13    9   69    1   21   72   60   73    5    4 
  25   68   13    9   69    1   21   72   60   73    5    4 
  25   68   13    9   69    1   21   72   60   73    5    4 
  25   68   13    9   69    1   21   72   60   73    5    4 
  25   68   13    9   69    1   21   72   60   73    5    4 
  25   68   13    9   69    1   21   72   60   73    5    4 
  25   68   13    9   69    1   21   72   60   73    5    4 
  25   68   13    9   69    1   21   72   60   73    5    4 
  25   68   13    9   69    1   21   72   60   73    5    4 
  25   68   13    9   69    1   21   72   60   73    5    4 
  25   68   13    9   69    1   21   72   60   73    5    4 
  25   68   13    9   69    1   21   72   60   73    5    4 
  25   68   13    9   69    1   21   72   60   73    5    4 
  25   68   13    9   69    1   21   72   60   73    5    4 
  25   68   13    9   69    1   21   72   60   73    5    4 
  25   68   13    9   69    1   21   72   60   73    5    4 
  25   68   13    9   69    1   21   72   60   73    5    4 
  25   68   13    9   69    1   21   72   60   73    5    4 
  25   68   13    9   69    1   21   72   60   73    5    4 
  25   68   13    9   69    1   21   72   60   73    5    4 
  25   68   13    9   69    1   21   72   60   73    5    4 
  25   68   13    9   69    1   21   72   60   73    5    4 
  25   68   13    9   69    1   21   72   60   73    5    4 
  25   68   13    9   69    1   21   72   60   73    5    4 
  25   68   13    9   69    1   21   72   60   73    5    4 
  25   68   13    9   69    1   21   72   60   73    5    4 
  25   68   13    9   69    1   21   72   60   73    5    4 
  25   68   13    9   69    1   21   72   60   73    5    4 
  25   68   13    9   69    1   21   72   60   73    5    4 
  25   68   13    9   69    1   21   72   60   73    5    4 
  25   68   13    9   69    1   21   72   60   73    5    4 
  25   68   13    9   69    1   21   72   60   73    5    4 
  25   68   13    9   69    1   21   72   60   73    5    4 
  25   68   13    9   69    1   21   72   60   73    5    4 
  25   68   13    9   69    1   21   72   60   73    5    4 
  25   68   13    9   69    1   21   72   60   73    5    4 
  25   68   13    9   69    1   21   72   60   73    5    4 
  25   68   13    9   69    1   21   72   60   73    5    4 
  25   68   13    9   69    1   21   72   60   73    5    4 
  25   68   13    9   69    1   21   72   60   73    5    4 
  25   68   13    9   69    1   21   72   60   73    5    4 
  25   68   13    9   69    1   21   72   60   73    5    4 
  25   68   13    9   69    1   21   72   60   73    5    4 
  25   68   13    9   69    1   21   72   60   73    5    4 
  25   68   13    9   69    1   21   72   60   73    5    4 
  25   68   13    9   69    1   21   72   60   73    5    4 
  25   68   13    9   69    1   21   72   60   73    5    4 
  25   68   13    9   69    1   21   72   60   73    5    4 
  25   68   13    9   69    1   21   72   60   73    5    4 
  25   68   13    9   69    1   21   72   60   73    5    4 
  25   68   13    9   69    1   21   72   60   73    5    4 
  25   68   13    9   69    1   21   72   60   73    5    4 
  25   68   13    9   69    1   21   72   60   73    5    4 
  25   68   13    9   69    1   21   72   60   73    5    4 
  25   68   13    9   69    1   21   72   60   73    5    4 
  25   68   13    9   69    1   21   72   60   73    5    4 
  25   68   13    9   69    1   21   72   60   73    5    4 
  25   68   13    9   69    1   21   72   60   73    5    4 
  25   68   13    9   69    1   21   72   60   73    5    4 
  25   68   13    9   69    1   21   72   60   73    5    4 
  25   68   13    9   69    1   21   72   60   73    5    4 
  25   68   13    9   69    1   21   72   60   73    5    4 
  25   68   13    9   69    1   21   72   60   73    5    4 
  25   68   13    9   69    1   21   72   60   73    5    4 
  25   68   13    9   69    1   21   72   60   73    5    4 
  25   68   13    9   69    1   21   72   60   73    5    4 
  25   68   13    9   69    1   21   72   60   73    5    4 
  25   68   13    9   69    1   21   72   60   73    5    4 
  25   68   13    9   69    1   21   72   60   73    5    4 
  25   68   13    9   69    1   21   72   60   73    5    4 
  25   68   13    9   69    1   21   72   60   73    5    4 
  25   68   13    9   69    1   21   72   60   73    5    4 
  25   68   13    9   69    1   21   72   60   73    5    4 
  25   68   13    9   69    1   21   72   60   73    5    4 
  25   68   13    9   69    1   21   72   60   73    5    4 
  25   68   13    9   69    1   21   72   60   73    5    4 
  25   68   13    9   69    1   21   72   60   73    5    4 
  25   68   13    9   69    1   21   72   60   73    5    4 
  25   68   13    9   69    1   21   72   60   73    5    4 
  25   68   13    9   69    1   21   72   60   73    5    4 
  25   68   13    9   69    1   21   72   60   73    5    4 
  25   68   13    9   69    1   21   72   60   73    5    4 
  25   68   13    9   69    1   21   72   60   73    5    4 
  25   68   13    9   69    1   21   72   60   73    5    4 
  25   68   13    9   69    1   21   72   60   73    5    4 
  25   68   13    9   69    1   21   72   60   73    5    4 
  25   68   13    9   69    1   21   72   60   73    5    4 
  25   68   13    9   69    1   21   72   60   73    5    4 
  25   68   13    9   69    1   21   72   60   73    5    4 
  25   68   13    9   69    1   21   72   60   73    5    4 
  25   68   13    9   69    1   21   72   60   73    5    4 
  25   68   13    9   69    1   21   72   60   73    5    4 
