   1   21    5    9   17   29   13 
   1   21    5    9   17   29   13 
   1   21    5    9   17   29   13 
   1    5   21    9   17   13   29 
   1    5   21    9   13   29   17 
   1    5   21    9   13   29   17   60 
   1    5   21    9   13   29   17   60 
   1    5   21   13    9   29   17   60 
   1    5   21   13    9   29   17   60 
   1    5   21    9   13   29   17   60 
   1    5   21    9   13   29   17   60 
   1    5   21    9   13   29   17   60 
   1    5   21    9   29   13   17   60 
   1    5    9   21   29   13   17   60 
   1    9   21   29    5   13   17   60 
   1   21    9   29    5   13   17   60 
   1    9   21   29    5   13   17   60 
   1   21    9   29    5   13   17   60 
   1   21    9   29    5   13   17   60 
   1   21    9   29    5   13   17   60 
   1   21    9   29    5   13   17   60 
   1   21    9   29    5   13   17   60 
   1   21    9   29   13    5   17   60 
   1   21    9   29   13    5   17   60 
   1   21    9   29   13    5   17   60 
   1   21    9   29   13    5   17   60 
   1   21    9   29   13   17    5   60 
   1   21    9   29   13   17    5   60 
   1   21    9   29   13   17    5   60 
   1   21    9   29   13   17    5   60 
   1    9   21   29   13   17    5   60 
   1    9   29   13   17   21    5   60 
   1    9   29   13   17    5   21   60 
   1    9   29   13   17    5   21   60 
   1    9   29   13   17    5   21   60 
   1    9   29   13   17    5   21   60 
   1    9   29   13   17    5   21   60 
   1    9   29   13   17    5   21   60 
   1    9   29   13   17    5   21   60 
   1   29    9   13    5   21   17   60 
   1   29    9   13    5   21   17   60 
   1   29    9   13    5   21   17   60 
   1   29    9   13    5   21   17   60 
   1   29    9   13    5   21   17   60 
   1   29    9   13    5   17   21   60 
   1    9   29   13    5   17   21   60 
   1    9   29   13    5   21   17   60 
   1    9   29   13    5   21   17   60 
   1   29    9   13   21    5   17   60 
   1   29    9   13   21    5   17   60 
   1   29    9   13   21    5   17   60 
   1   29    9   13   21    5   17   60 
   1   29    9   13   21    5   17   60 
   1   29    9   13   21    5   17   60 
   1   29    9   13   21    5   17   60 
   1   29    9   21   13    5   17   60 
   1    9   29   21   13    5   17   60 
   1   29    9   21   13    5   17   60 
   1   29    9   21   13    5   17   60 
   1    9   29   21   13   17    5   60 
   1    9   29   21   13   17    5   60 
   1   29    9   21   17    5   13   60 
   1   29    9   21    5   17   13   60 
   1   21   29    9   17    5   13   60 
   1   29   21    9    5   17   13   60 
   1   21   29    9    5   13   17   60 
   1   21   29    9    5   13   17   60 
   1   21   29    9   13    5   17   60 
   1   21    9   29   13   17    5   60 
   1    9   21   29   13   17    5   60 
   1    9   21   29   17   13    5   60 
   1    9   21   29   17   13    5   60 
   1    9   21   29   17   13    5   60 
   1    9   21   29   17   13    5   60 
   1   21    9   29   13   17    5   60 
   1    9   21   29   13   17    5   60 
   1    9   21   29   13   17    5   60 
   1    9   21   29   13   17    5   60 
   1    9   29   21   13   17    5   60 
   1    9   29   21   13   17    5   60 
   1    9   29   21   13   17    5   60 
   1    9   29   21   13   17    5   60 
   1    9   29   21   13   17    5   60 
   1   29   21    9   13   17    5   60 
   1   21   29    9   13    5   17   60 
   1   21   29    9   13    5   17   60 
   1   21   29    9   13    5   17   60 
   1   21   29    9   13    5   17   60 
   1   21   29    9   13    5   17   60 
   1   21   29    9   13    5   17   60 
   1   21   29    9   13    5   17   60 
   1   21   29    9   13    5   17   60 
   1   21   29    9   13    5   17   60 
   1   21   29    9   13    5   17   60 
   1   21   29    9   13    5   17   60 
   1   21   29    9   13    5   17   60 
   1   21   29    9   13    5   17   60 
   1   21   29    9   13    5   17   60 
   1   21   29    9   13    5   17   60 
   1   21   29    9   13    5   17   60 
   1   21   29    9   13    5   17   60 
   1   21   29    9   13    5   17   60 
   1   21   29    9   13   17    5   60 
   1   21   29    9   13   17    5   60 
   1   21   29    9   13   17    5   60 
   1   21   29    9   13   17    5   60 
   1   21   29    9   13    5   17   60 
   1   21   29    9   13    5   17   60 
   1   21   29    9   13    5   17   60 
   1   21   29    9   13    5   17   60 
   1   21   29    9   13   17    5   60 
   1   21   29    9   13   17    5   60 
   1   21   29    9   13   17    5   60 
   1   21   29    9   13   17    5   60 
   1   21    9   29   13   17    5   60 
   1   21    9   29   13   17    5   60 
   1   21    9   29   13   17    5   60 
   1   21    9   29   13   17    5   60 
   1   21    9   29   17   13    5   60 
   1   21   29    9   13    5   17   60 
   1   21    9   29   13   17    5   60 
   1   21   29    9   13    5   17   60 
   1   21    9   29   13   17    5   60 
   1   21   29    9   13    5   17   60 
   1   21   29    9   13    5   17   60 
   1   29   21    9   13    5   17   60 
   1   21   29    9    5   13   17   60 
   1   29   21    9    5   13   17   60 
   1   29   21    9    5   13   17   60 
   1   21   29    9    5   13   17   60 
   1   21   29    9    5   13   17   60 
   1   21   29    9    5   13   17   60 
   1   21   29    9    5   13   17   60 
   1   21   29    9    5   13   17   60 
   1   21   29    9    5   13   17   60 
   1   21   29    9   13    5   17   60 
   1   21   29    9   13    5   17   60 
   1   21   29    9   13    5   17   60 
   1   21    9   29   13    5   17   60 
   1   21    9   29   13    5   17   60 
   1   21   29    9   13    5   17   60 
   1   21   29    9   13    5   17   60 
   1   21   29    9    5   13   17   60 
   1   21   29    9    5   13   17   60 
   1   21   29    9    5   13   17   60 
   1   21    9   29    5   17   13   60 
   1   21    9   29    5   17   13   60 
   1   21   29    9    5   17   13   60 
   1   21   29    9    5   13   17   60 
   1   21   29    9    5   13   17   60 
   1   21   29    9    5   13   17   60 
   1   21    9   29    5   13   17   60 
   1   21    9   29    5   13   17   60 
   1   21    9   29    5   13   17   60 
   1   21    9   29    5   13   17   60 
   1   21    9   29    5   17   13   60 
   1   21    9   29    5   17   13   60 
   1   21    9    5   29   17   13   60 
   1   21    9    5   29   17   13   60 
   1   21    9    5   29   17   13   60 
   1   21    9    5   29   17   13   60   69   68   25 
   1   21    5    9   29   17   13   60   69   68   25 
   1   21    5   29    9   17   13   60   69   68   25 
   1   21    5    9   29   17   13   60   69   68   25 
   1   21    5   29    9   13   17   60   69   68   25 
   1   21    5   29    9   13   17   60   69   68   25 
   1   21    5   29    9   13   17   60   69   68   25 
   1   21    5   29    9   13   17   60   69   68   25 
   1   21    5   29    9   13   17   60   69   68   25 
   1   21    5   29    9   13   17   60   69   68   25 
   1   21    5   29    9   13   17   60   69   68   25 
   1   21    5   29   13    9   17   60   69   68   25 
   1   21    5   13   29    9   17   60   69   68   25 
   1   21    5   13   29    9   17   60   69   68   25 
   1   21    5   13   29    9   17   60   69   68   25 
   1   21    5   13   29    9   17   60   69   68   25 
   1   21    5   13   29   17    9   60   69   68   25 
   1   21    5   13   29   17    9   60   69   68   25 
   1   21    5   13   17   29    9   60   69   68   25 
   1   21    5   13   29   17    9   60   69   68   25 
   1   21    5   13   29   17    9   60   69   68   25 
   1   21    5   29   17   13    9   60   69   68   25 
   1   21    5   17    9   13   29   60   69   68   25 
   1   21    5   17    9   29   13   60   69   68   25 
   1   21    5   17    9   13   29   60   69   68   25 
   1   21    5   17   29    9   13   60   69   68   25 
   1   21    5   17   29    9   13   60   69   68   25 
   1   21    5   17   29    9   13   60   69   68   25 
   1   21    5   17   29    9   13   60   69   68   25 
   1   21    5   17   29   13    9   60   69   68   25 
   1   21   17    5   29   13    9   60   69   68   25 
   1   21   17    5   13    9   29   60   69   68   25 
   1   21   17    5   13    9   29   60   69   68   25 
   1   21   17    5   13   29    9   60   69   68   25 
   1   21   17    5   13   29    9   60   69   68   25 
   1   21   17    5   13   29    9   60   69   68   25 
   1   21   17    5   13   29    9   60   69   68   25 
   1   21   17    5   29    9   13   60   69   68   25 
   1   21   17    5   29    9   13   60   69   68   25 
   1   21   17    5   29    9   13   60   69   68   25 
   1   21    5   17   29   13    9   60   69   68   25 
   1   21    5   17   29   13    9   60   69   68   25 
   1   21    5   29   17   13    9   60   69   68   25 
   1   21   17    5   29    9   13   60   69   68   25 
   1   21    5   29   17   13    9   60   69   68   25 
   1   21   17    5    9   29   13   60   69   68   25 
   1   21    5   29   17   13    9   60   69   68   25 
   1   21   17    5   13    9   29   60   69   68   25 
   1   21    5   29   17   13    9   60 
   1   21    5   29   17   13    9   60   69   68   25 
   1   21    5   29   17   13    9   60   69   68   25 
   1   21    5   29   17   13    9   60   69   68   25 
   1   21    5   29   17   13    9   60   69   68   25 
   1   21    5   29   17   13    9   60   69   68   25 
   1   21    5   29   17   13    9   60   69   68   25 
   1   21    5   29   17   13    9   60   69   68   25 
   1   21    5   29   17   13    9   60   69   68   25 
   1   21    5   29   17   13    9   60   69   68   25 
   1   21    5   29   17   13    9   60   69   68   25 
   1   21    5   29   17   13    9   60   69   68   25 
   1   21   17    5   29   13    9   60   69   68   25 
   1   21   17    5   29   13    9   60   69   68   25 
   1   21   17    5   29   13    9   60   69   68   25 
   1   21   17    5   29    9   13   60   69   68   25 
   1   21   17    5   29    9   13   60   69   68   25 
   1   21   17    5   29    9   13   60   69   68   25 
   1   21   17    5   29    9   13   60   69   68   25 
   1   21   17    5   29    9   13   60   69   68   25 
   1   21   17    5   29    9   13   60   69   68   25 
   1   21   17    5   29    9   13   60   69   68   25 
   1   21   17    5   29    9   13   60   69   68   25 
   1   21    5   17   29    9   13   60   69   68   25 
   1   21    5   17   29    9   13   60   69   68   25 
   1   21    5   17   29    9   13   60   69   68   25 
   1   21    5   17   29    9   13   60   69   68   25 
   1   21    5   17   29    9   13   60   69   68   25 
   1   21    5   17   29    9   13   60   69   68   25 
   1   21    5   17   29    9   13   60   69   68   25 
   1   21    5   17   29    9   13   60   69   68   25 
   1   21    5   17   29    9   13   60   69   68   25 
   1   21    5   17   29    9   13   60   69   68   25 
   1   21    5   17   29    9   13   60   69   68   25 
   1   21    5   29   17   13    9   60   69   68   25 
   1   21    5   17   29   13    9   60   69   68   25 
   1   21    5   29   17   13    9   60   69   68   25 
   1   21    5   17   29   13    9   60   69   68   25 
   1   21    5   29   17   13    9   60   69   68   25 
   1   21    5   29   17   13    9   60   69   68   25 
   1   21    5   29   17   13    9   60   69   68   25 
   1   21    5   29   17   13    9   60   69   68   25 
   1   21    5   29   17   13    9   60   69   68   25 
   1   21    5   29   17   13    9   60   69   68   25 
   1   21    5   29   17   13    9   60   69   68   25 
   1   21    5   29   17   13    9   60   69   68   25 
   1   21    5   29   17   13    9   60   69   68   25 
   1   21    5   29   17   13    9   60   69   68   25 
   1   21    5   29   17   13    9   60   69   68   25 
   1   21    5   29   17   13    9   60   69   68   25 
   1   21    5   29   17   13    9   60   69   68   25 
   1   21    5   29   17   13    9   60   69   68   25 
   1   21    5   29   17   13    9   60   69   68   25 
   1   21    5   29   17   13    9   60   69   68   25 
   1   21    5   29   17   13    9   60   69   68   25 
   1   21    5   29   17   13    9   60   69   68   25 
   1   21    5   29   17   13    9   60   69   68   25 
   1   21    5   29   17   13    9   60   69   68   25 
   1   21    5   17   29   13    9   60   69   68   25 
   1   21    5   17   29   13    9   60   69   68   25 
   1   21   17    5   29    9   13   60   69   68   25 
   1   21   17    5   29    9   13   60   69   68   25 
   1   21   17    5   29    9   13   60   69   68   25 
   1   21   17    5   29    9   13   60   69   68   25 
   1   21   17    5   29    9   13   60   69   68   25 
   1   21   17    5   29    9   13   60   69   68   25 
   1   21   17    5   29    9   13   60   69   68   25 
   1   21   17    5   29    9   13   60   69   68   25 
   1   21   17    5   29    9   13   60   69   68   25 
   1   21   17    5   29    9   13   60   69   68   25 
   1   21   17    5   29    9   13   60   69   68   25 
   1   21    5   17   29    9   13   60   69   68   25 
   1   21    5   17   29    9   13   60   69   68   25 
   1   21    5   17   29    9   13   60   69   68   25 
   1   21    5   17   29    9   13   60   69   68   25 
   1   21    5   17   29    9   13   60   69   68   25 
   1   21    5   17   29    9   13   60   69   68   25 
   1   21    5   17   29    9   13   60   69   68   25 
   1   21    5   17   29    9   13   60   69   68   25 
   1   21    5   17   29    9   13   60   69   68   25 
   1   21    5   17   29    9   13   60   69   68   25 
   1   21    5   17   29    9   13   60   69   68   25 
   1   21   17    5   29    9   13   60   69   68   25 
   1   21   17    5   29    9   13   60   69   68   25 
   1   21   17    5   29    9   13   60   69   68   25 
   1   21   17    5   29    9   13   60   69   68   25 
   1   21   17   29    5    9   13   60   69   68   25 
   1   21   17   29    5    9   13   60   69   68   25 
   1   21   17   29    5    9   13   60   69   68   25 
   1   21   17   29    5    9   13   60   69   68   25 
   1   21   17   29    5    9   13   60   69   68   25 
   1   21   17   29    5    9   13   60   69   68   25 
   1   21   17   29    5    9   13   60   69   68   25 
   1   21   17   29    5    9   13   60   69   68   25 
   1   21   17   29    5    9   13   60   69   68   25 
   1   21   17   29    5    9   13   60   69   68   25 
   1   21   17   29    5    9   13   60   69   68   25 
   1   21   17   29    5    9   13   60   69   68   25 
   1   21   17   29    5    9   13   60   69   68   25 
   1   21   17   29    5    9   13   60   69   68   25 
   1   21   17   29    5    9   13   60   69   68   25 
   1   21   17   29    5    9   13   60   69   68   25 
   1   21   17   29    5    9   13   60   69   68   25 
   1   21   17   29    5    9   13   60   69   68   25 
   1   21   17   29    5    9   13   60   69   68   25 
   1   21   17   29    5    9   13   60   69   68   25 
   1   21   17   29    5    9   13   60   69   68   25 
   1   21   17   29    5    9   13   60   69   68   25 
   1   21   17   29    5    9   13   60   69   68   25 
   1   21   17   29    5    9   13   60   69   68   25 
   1   21   17   29    5    9   13   60   69   68   25 
   1   21   29   17    5    9   13   60   69   68   25 
   1   21   29   17    5    9   13   60   69   68   25 
   1   21   29   17    5    9   13   60   69   68   25 
   1   21   29   17    5    9   13   60   69   68   25 
   1   21   29   17    5    9   13   60   69   68   25 
   1   21   29   17    9   13    5   60   69   68   25 
   1   21   29   17    9   13    5   60   69   68   25 
   1   21   29   17    9   13    5   60   69   68   25 
   1   21   29   17    9   13    5   60   69   68   25 
   1   21   29   17    9    5   13   60   69   68   25 
   1   21   29   17    9    5   13   60   69   68   25 
   1   21   29   17    9    5   13   60   69   68   25 
   1   21   29   17    5    9   13   60   69   68   25 
   1   21   29   17    5    9   13   60   69   68   25 
   1   21   29   17    5    9   13   60   69   68   25 
   1   21   29   17    5    9   13   60   69   68   25 
   1   21   29   17    5    9   13   60   69   68   25 
   1   21   29   17    5    9   13   60   69   68   25 
   1   21   17   29    5    9   13   60   69   68   25 
   1   21   17   29    5    9   13   60   69   68   25 
   1   21   17   29    5    9   13   60   69   68   25 
   1   21   17   29    5    9   13   60   69   68   25 
   1   21   17   29    5    9   13   60   69   68   25 
   1   21   17   29    5    9   13   60   69   68   25 
   1   21   17   29    5    9   13   60   69   68   25 
   1   21   17   29    5    9   13   60   69   68   25 
   1   21   17   29    5    9   13   60   69   68   25 
   1   21   17   29    5    9   13   60   69   68   25 
   1   21   17   29    5    9   60   13   69   68   25 
   1   21   17   29    5    9   60   13   69   68   25 
   1   21   17    5   29    9   60   13   69   68   25 
   1   21   17    5   29    9   60   13   69   68   25 
   1   21   17    5   29    9   60   13   69   68   25 
   1   21   17    5   29    9   13   60   69   68   25 
   1   21   17    5   29    9   13   60   69   68   25 
   1   21   17    5   29    9   60   13   69   68   25 
   1   21   17    5    9   29   60   13   69   68   25 
   1   21    5   17   29   60    9   13   69   68   25 
   1   21    5   17   29   60    9   13   69   68   25 
   1   21    5   17   29   60    9   13   69   68   25 
   1   21   17    5   29   60    9   13   69   68   25 
   1   21   17    5   29   60    9   13   69   68   25 
   1   21   17    5   29   60    9   13   69   68   25 
   1   21   17    5   29   60    9   13   69   68   25 
   1   21   17    5   29   60    9   13   69   68   25 
   1   21   17    5   29   60    9   13   69   68   25 
   1   21   17    5   60   29    9   13   69   68   25 
   1   21    5   17   60   29    9   13   69   68   25 
   1   21    5   17   60   29    9   13   69   68   25 
   1   21    5   17   60   29    9   13   69   68   25 
   1   21    5   17   60   29    9   13   69   68   25 
   1   21    5   17   60   29    9   13   69   68   25 
   1   21    5   17   60   29    9   13   69   68   25 
   1   21    5   17   60   29    9   13   69   68   25 
   1   21    5   17   60   29    9   13   69   68   25 
   1   21    5   17   60   29    9   13   69   68   25 
   1   21    5   17   60   29    9   13   69   68   25 
   1    5   21   17   60   29    9   13   69   68   25 
   1   21   17   60    5   29    9   13   69   68   25 
   1   21   17    5   60   29    9   13   69   68   25 
   1   21   17   60    5   29    9   13   69   68   25 
   1   21   60   17    5   29   13    9   69   68   25 
   1   21   17   60    5   29   13    9   69   68   25 
   1   21   60   17    5   29   13    9   69   68   25 
   1   21   17   60    5   13   29    9   69   68   25 
   1   60    5   17   21   29   13    9   69   68   25 
   1   60   17    5   21   29   13    9   69   68   25 
   1   60    5   17   21   29   13    9   69   68   25 
   1   60    5   17   21   29   13    9   69   68   25 
   1   60    5   17   29   21   13    9   69   68   25 
   1   60    5   17   29   21   13    9   69   68   25 
   1   60    5   17   29   21   13    9   69   68   25 
   1   60    5   17   29   21   13    9   69   68   25 
   1   60    5   17   29   21   13    9   69   68   25 
   1   60    5   29   17   21   13    9   69   68   25 
   1   60    5   29   17   21   13    9   69   68   25 
   1   60    5   17   29   21   13    9   69   68   25 
   1   60    5   17   29   21   13    9   69   68   25 
   1   60    5   17   29   21   72   13   73    9   69   68   25 
   1   60    5   17   29   21   72   76   13   73    9   69   68   25 
   1   60    5   17   29   21   72   76   13   73    9   69   68   25 
   1   60    5   17   29   21   72   76   13   73    9   69   68   25 
   1   60    5   17   29   21   72   76   13   73    9   69   68   25 
   1   60    5   17   29   21   72   76   13   73    9   69   68   25 
   1   60    5   17   29   21   72   76   13   73    9   69   68   25 
   1   60    5   17   29   21   72   76   13   73    9   69   68   25 
   1   60    5   17   29   21   72   76   73   13    9   69   68   25 
   1   60    5   17   29   21   72   76   73   13    9   69   68   25 
   1   60    5   17   29   21   72   76   73   13    9   69   68   25 
   1   60    5   17   29   21   72   76   73   13    9   69   68   25 
   1   60    5   17   29   21   72   76   73   13    9   69   68   25 
   1   60    5   17   29   21   72   73   76   13    9   69   68   25 
   1   60    5   17   29   21   72   73   76   13    9   69   68   25 
   1   60    5   17   29   21   72   73   76   13    9   69   68   25 
   1   60    5   17   29   21   72   73   76   13    9   69   68   25 
   1   60    5   17   29   21   72   73   76   13    9   69   68   25 
   1   60    5   17   29   21   72   73   76   13    9   69   68   25 
   1   60   17   29   72   73   76   69   68   25 
   1   60   17   29   72   73   76   69   68   25 
   1   60   17   29   72   73   76   69   68   25 
   1   60   17   29   72   73   76   69   68   25 
   1   60   17   29   72   73   76   69   68   25 
   1   60   17   29   72   73   76   69   68   25 
   1   60   17   29   72   73   76   69   68   25 
   1   60   17   29   72   73   76   69   68   25 
   1   60   17   29   73   72   76   69   68   25 
   1   60   17   29   73   72   76   69   68   25 
   1   60   17   29   73   72   76   69   68   25 
   1   60   17   29   73   72   76   69   68   25 
   1   60   17   29   73   72   76   69   68   25 
   1   60   17   29   73   72   76   69   68   25 
   1   60   17   29   73   72   76   69   68   25 
   1   60   17   29   73   72   76   69   68   25 
   1   60   17   29   73   72   76   69   68   25 
   1   60   17   29   73   72   76   69   68   25 
   1   60   17   29   73   72   76   69   68   25 
   1   60   17   29   73   72   76   69   68   25 
   1   60   17   29   73   72   76   69   68   25 
   1   17   60   29   73   72   76   69   68   25 
   1   17   60   73   29   72   76   69   68   25 
   1   17   60   73   29   72   76   69   68   25 
   1   17   60   73   29   72   76   69   68   25 
   1   17   60   73   29   72   76   69   68   25 
   1   17   60   73   29   72   76   69   68   25 
   1   17   60   73   29   72   76   69   68   25 
   1   17   60   73   72   29   76   69   68   25 
   1   17   60   73   72   29   76   69   68   25 
   1   17   60   73   72   29   76   69   68   25 
   1   17   60   73   72   29   76   69   68   25 
   1   17   60   73   72   29   76   69   68   25 
   1   17   60   73   72   29   76   69   68   25 
   1   17   60   73   72   29   76   69   68   25 
   1   17   60   73   72   29   76   69   68   25 
   1   17   60   73   72   29   76   69   68   25 
   1   17   60   73   72   29   76   69   68   25 
   1   17   60   73   72   29   76   69   68   25 
   1   17   60   73   72   29   76   69   68   25 
   1   17   73   60   72   29   76   69   68   25 
   1   73   60   17   72   76   29   69   68   25 
   1   17   73   60   72   76   29   69   68   25 
   1   17   73   60   72   76   29   69   68   25 
   1   17   73   60   72   76   29   69   68   25 
   1   73   17   60   72   76   29   69   68   25 
   1   73   17   60   72   76   29   69   68   25 
   1   73   17   60   72   76   29   69   68   25 
   1   73   17   60   72   76   29   69   68   25 
   1   17   73   60   72   76   29   69   68   25 
   1   17   73   60   72   76   29   69   68   25 
   1   17   73   60   72   76   29   69   68   25 
   1   73   72   60   17   76   29   69   68   25 
   1   17   73   60   72   76   29   69   68   25 
   1   60   29   73   72   76   17   69   68   25 
   1   73   72   60   17   76   29   69   68   25 
   1   73   60   17   72   29   76   69   68   25 
   1   73   60   17   72   29   76   69   68   25 
   1   73   60   17   72   29   76   69   68   25 
   1   73   60   72   17   76   29   69   68   25 
   1   73   60   72   76   17   29   69   68   25 
   1   73   60   72   76   17   29   69   68   25 
   1   73   60   17   72   76   29   69   68   25 
   1   73   60   17   72   76   29   69   68   25 
   1   73   60   17   72   76   29   69   68   25 
   1   17   73   60   72   76   29   69   68   25 
   1   17   73   60   72   76   29   69   68   25 
   1   17   73   60   72   76   29   69   68   25 
   1   17   73   60   76   72   29   69   68   25 
   1   17   73   60   76   72   29   69   68   25 
   1   73   60   76   72   17   29   69   68   25 
   1   76   73   60   17   72   29   69   68   25 
   1   17   76   60   73   72   29   69   68   25 
   1   17   76   60   73   72   29   69   68   25 
   1   17   76   60   73   72   29   69   68   25 
   1   17   76   60   73   72   29   69   68   25 
   1   17   76   60   73   72   29   69   68   25 
   1   17   76   60   73   72   29   69   68   25 
   1   17   76   60   73   72   29   69   68   25 
   1   76   17   60   73   72   29   69   68   25 
   1   17   76   60   73   72   29   69   68   25 
   1   76   17   60   73   72   29   69   68   25 
   1   17   76   60   73   72   29   69   68   25 
   1   76   17   60   73   72   29   69   68   25 
   1   17   76   60   73   72   29   69   68   25 
   1   17   76   60   73   72   29   69   68   25 
   1   17   76   60   73   72   29   69   68   25 
   1   17   76   60   73   72   29   69   68   25 
   1   17   76   60   73   72   29   69   68   25 
   1   17   76   60   73   72   29   69   68   25 
   1   17   76   60   73   72   29   69   68   25 
   1   17   76   73   60   72   29   69   68   25 
   1   17   76   60   73   72   29   69   68   25 
   1   17   76   73   60   72   29   69   68   25 
   1   17   76   60   29   73   72   69   68   25 
   1   17   76   60   73   29   72   69   68   25 
   1   17   76   60   73   29   72   69   68   25 
   1   17   76   60   73   72   29   69   68   25 
   1   17   76   60   73   72   29   69   68   25 
   1   17   76   60   73   72   29   69   68   25 
   1   17   76   60   73   72   29   69   68   25 
   1   17   76   60   73   72   29   69   68   25 
   1   17   76   60   73   72   29   69   68   25 
   1   76   17   60   73   72   29   69   68   25 
   1   76   17   73   60   72   29   69   68   25 
   1   76   17   73   60   72   29   69   68   25 
   1   76   17   73   60   72   29   69   68   25 
   1   76   17   73   60   72   29   69   68   25 
   1   76   17   73   60   72   29   69   68   25 
   1   76   17   73   60   72   29   69   68   25 
   1   76   17   73   60   72   29   69   68   25 
   1   76   17   73   60   72   29   69   68   25 
   1   76   17   73   60   72   29   69   68   25 
   1   76   17   73   60   72   29   69   68   25 
   1   76   17   73   60   72   29   69   68   25 
   1   76   17   73   60   72   29   69   68   25 
   1   76   17   73   60   72   29   69   68   25 
   1   76   17   73   60   72   29   69   68   25 
   1   76   17   73   60   72   29   69   68   25 
   1   76   17   73   60   72   29   69   68   25 
   1   76   17   60   73   72   29   69   68   25 
   1   76   17   60   73   72   29   69   68   25 
   1   76   17   60   73   72   29   69   68   25 
   1   76   17   60   73   72   29   69   68   25 
   1   76   17   60   73   72   29   69   68   25 
   1   76   17   60   73   72   29   69   68   25 
   1   76   17   73   60   72   29   69   68   25 
   1   76   17   73   60   72   29   69   68   25 
   1   17   76   73   60   72   29   69   68   25 
   1   17   76   73   60   72   29   69   68   25 
   1   17   76   73   60   72   29   69   68   25 
   1   17   76   73   60   72   29   69   68   25 
   1   17   76   73   60   72   29   69   68   25 
   1   17   76   73   60   72   29   69   68   25 
   1   17   76   73   60   72   29   69   68   25 
   1   17   76   73   60   72   29   69   68   25 
   1   17   76   73   60   72   29   69   68   25 
   1   17   76   73   60   72   29   69   68   25 
   1   17   76   73   60   72   29   69   68   25 
   1   17   76   73   60   72   29   69   68   25 
   1   76   17   73   60   72   29   69   68   25 
   1   76   73   17   72   60   29   69   68   25 
   1   76   73   72   17   60   29   69   68   25 
   1   76   73   72   17   60   29   69   68   25 
   1   76   73   72   60   17   29   69   68   25 
   1   76   17   73   72   60   29   69   68   25 
   1   76   73   17   72   60   29   69   68   25 
   1   76   73   17   72   60   29   69   68   25 
   1   76   73   17   72   60   29   69   68   25 
   1   76   73   17   72   60   29   69   68   25 
   1   76   73   72   60   17   29   69   68   25 
   1   76   73   72   60   17   29   69   68   25 
   1   76   73   72   60   17   29   69   68   25 
   1   76   73   72   17   60   29   69   68   25 
   1   76   73   72   17   60   29   69   68   25 
   1   76   73   72   17   60   29   69   68   25 
   1   17   76   73   72   60   29   69   68   25 
   1   17   76   73   72   60   29   69   68   25 
   1   76   73   72   17   60   29   69   68   25 
   1   76   73   17   72   60   29   69   68   25 
   1   76   73   17   72   60   29   69   68   25 
   1   76   73   72   60   17   29   69   68   25 
   1   76   73   72   17   60   29   69   68   25 
   1   76   73   72   60   17   29   69   68   25 
   1   76   73   72   60   17   29   69   68   25 
   1   76   73   72   60   17   29   69   68   25 
   1   76   73   72   60   17   29   69   68   25 
   1   76   73   72   60   17   29   69   68   25 
   1   76   73   72   60   17   29   69   68   25 
   1   76   73   72   60   17   29   69   68   25 
   1   76   73   72   60   17   29   69   68   25 
   1   76   73   72   17   60   29   69   68   25 
   1   76   73   17   72   60   29   69   68   25 
   1   76   73   72   17   60   29   69   68   25 
   1   76   17   73   72   60   29   69   68   25 
   1   76   17   73   72   60   29   69   68   25 
   1   76   17   73   72   60   29   69   68   25 
   1   76   17   73   72   60   29   69   68   25 
   1   76   17   73   72   60   29   69   68   25 
   1   76   17   73   72   60   29   69   68   25 
   1   76   17   73   72   60   29   69   68   25 
   1   76   73   72   17   60   29   69   68   25 
   1   76   73   72   17   60   29   69   68   25 
   1   76   73   72   17   60   29   69   68   25 
   1   76   73   72   17   60   29   69   68   25 
   1   76   73   72   60   17   29   69   68   25 
   1   76   73   72   17   60   29   69   68   25 
   1   76   73   72   17   60   29   69   68   25 
   1   76   73   72   17   60   29   69   68   25 
   1   76   73   17   72   60   29   69   68   25 
   1   76   73   17   72   60   29   69   68   25 
   1   76   73   17   72   60   29   69   68   25 
   1   76   17   73   72   60   29   69   68   25 
   1   76   17   73   72   60   29   69   68   25 
   1   17   76   73   72   60   29   69   68   25 
   1   17   76   73   72   60   29   69   68   25 
   1   17   76   73   72   60   29   69   68   25 
   1   17   76   73   72   60   29   69   68   25 
   1   17   76   73   72   60   29   69   68   25 
   1   17   76   73   72   60   29   69   68   25 
   1   17   76   73   72   60   29   69   68   25 
   1   17   76   73   72   60   29   69   68   25 
   1   17   76   73   72   60   29   69   68   25 
   1   76   73   72   60   17   29   69   68   25 
   1   17   76   73   72   60   29   69   68   25 
   1   17   76   73   72   60   29   69   68   25 
   1   17   76   73   72   60   29   69   68   25 
   1   17   76   73   72   60   29   69   68   25 
   1   17   76   73   72   60   29   69   68   25 
   1   17   76   73   72   60   29   69   68   25 
   1   17   76   73   72   60   29   69   68   25 
   1   17   76   73   72   60   29   69   68   25 
   1   17   76   73   72   60   29   69   68   25 
   1   17   76   73   72   60   29   69   68   25 
   1   17   76   73   72   60   29   69   68   25 
   1   17   76   73   72   60   29   69   68   25 
   1   17   76   73   72   60   29   69   68   25 
   1   17   76   73   72   60   29   69   68   25 
   1   17   76   73   72   60   29   69   68   25 
   1   17   76   73   72   60   29   69   68   25 
   1   17   76   73   72   60   29   69   68   25 
   1   17   76   73   72   60   29   69   68   25 
   1   17   76   73   72   60   29   69   68   25 
   1   17   76   73   72   60   29   69   68   25 
   1   17   76   73   72   60   29   69   68   25 
   1   17   76   73   72   60   29   69   68   25 
   1   17   76   73   72   60   29   69   68   25 
   1   17   76   73   72   60   29   69   68   25 
   1   17   76   73   72   60   29   69   68   25 
   1   17   76   73   72   60   29   69   68   25 
   1   76   73   72   17   60   29   69   68   25 
   1   17   76   73   72   60   29   69   68   25 
   1   17   76   73   72   60   29   69   68   25 
   1   17   76   73   72   60   29   69   68   25 
   1   76   73   17   72   60   29   69   68   25 
   1   17   76   73   72   60   29   69   68   25 
   1   76   73   72   17   60   29   69   68   25 
   1   17   76   73   72   60   29   69   68   25 
   1   73   76   72   17   60   29   69   68   25 
   1   76   73   17   72   60   29   69   68   25 
   1   76   73   17   72   60   29   69   68   25 
   1   76   73   17   72   60   29   69   68   25 
   1   76   17   73   72   60   29   69   68   25 
   1   76   17   73   72   60   29   69   68   25 
   1   76   17   73   72   60   29   69   68   25 
   1   76   17   73   72   60   29   69   68   25 
   1   76   17   73   72   60   29   69   68   25 
   1   76   17   73   72   60   29   69   68   25 
   1   76   17   73   72   60   29   69   68   25 
   1   73   76   17   72   60   29   69   68   25 
   1   73   76   17   72   60   29   69   68   25 
   1   73   76   17   72   60   29   69   68   25 
   1   73   76   17   72   60   29   69   68   25 
   1   73   76   72   17   60   29   69   68   25 
   1   73   76   17   72   60   29   69   68   25 
   1   73   76   72   17   60   29   69   68   25 
   1   73   76   17   72   60   29   69   68   25 
   1   73   76   72   17   60   29   69   68   25 
   1   73   76   17   72   60   29   69   68   25 
   1   73   76   72   17   60   29   69   68   25 
   1   73   76   17   72   60   29   69   68   25 
   1   73   17   76   72   60   29   69   68   25 
   1   73   76   72   17   60   29   69   68   25 
   1   73   76   17   72   60   29   69   68   25 
   1   73   76   72   17   60   29   69   68   25 
   1   73   76   17   72   60   29   69   68   25 
   1   73   76   72   17   60   29   69   68   25 
   1   73   76   17   72   60   29   69   68   25 
   1   73   76   72   17   60   29   69   68   25 
   1   73   76   17   72   60   29   69   68   25 
   1   73   76   72   17   60   29   69   68   25 
   1   73   76   17   72   60   29   69   68   25 
   1   73   17   76   72   60   29   69   68   25 
   1   73   76   72   17   60   29   69   68   25 
   1   73   76   72   17   60   29   69   68   25 
   1   73   76   72   17   60   29   69   68   25 
   1   73   76   72   17   60   29   69   68   25 
   1   73   76   72   17   60   29   69   68   25 
   1   73   76   72   17   60   29   69   68   25 
   1   73   76   72   17   60   29   69   68   25 
   1   73   76   72   17   60   29   69   68   25 
   1   73   76   72   17   60   29   69   68   25 
   1   73   76   72   17   60   29   69   68   25 
   1   73   17   76   72   60   29   69   68   25 
   1   73   76   72   17   60   29   69   68   25 
   1   73   72   76   17   60   29   69   68   25 
   1   73   17   76   72   60   29   69   68   25 
   1   73   72   76   17   60   29   69   68   25 
   1   76   73   72   17   60   29   69   68   25 
   1   73   72   76   17   60   29   69   68   25 
   1   73   72   76   17   60   29 
   1   73   72   76   17   60   29   69   68   25 
   1   73   72   76   17   60   29   69   68   25 
   1   73   72   76   17   60   29   69   68   25 
   1   73   72   76   17   60   29   69   68   25 
   1   73   72   76   17   60   29   69   68   25 
   1   73   72   76   17   60   29   69   68   25 
   1   73   72   76   17   60   29   69   68   25 
   1   73   72   76   17   60   29   69   68   25 
   1   73   72   76   17   60   29   69   68   25 
   1   73   72   76   17   60   29   69   68   25 
   1   73   72   76   17   60   29   69   68   25 
   1   73   72   76   17   60   29   69   68   25 
   1   73   72   76   17   60   29   69   68   25 
   1   73   72   76   17   60   29   69   68   25 
   1   73   72   76   17   60   29   69   68   25 
   1   73   72   76   17   60   29   69   68   25 
   1   73   72   76   17   60   29   69   68   25 
   1   73   72   76   17   60   29   69   68   25 
   1   73   72   76   17   60   29   69   68   25 
   1   73   72   76   17   60   29   69   68   25 
   1   73   72   76   17   60   29   69   68   25 
   1   73   72   76   17   60   29   69   68   25 
   1   73   72   76   17   60   29   69   68   25 
   1   73   72   76   17   60   29   69   68   25 
   1   73   72   76   17   60   29   69   68   25 
   1   73   72   76   17   60   29   69   68   25 
   1   73   72   76   17   60   29   69   68   25 
   1   73   72   76   17   60   29   69   68   25 
   1   73   72   76   17   60   29   69   68   25 
   1   73   72   76   17   60   29   69   68   25 
   1   73   72   76   17   60   29   69   68   25 
   1   73   72   76   17   60   29   69   68   25 
   1   72   73   76   17   60   29   69   68   25 
   1   72   73   76   17   60   29   69   68   25 
   1   72   73   76   17   60   29   69   68   25 
   1   72   73   76   17   60   29   69   68   25 
   1   72   73   76   17   60   29 
   1   72   73   76   17   60   29   69   68   25 
   1   72   73   76   17   60   29 
   1   72   73   76   17   60   29 
   1   72   73   76   17   60   29 
   1   72   73   76   17   60   29 
   1   72   73   76   17   60   29 
   1   72   73   76   17   60   29 
   1   72   73   76   17   60   29 
   1   72   73   76   17   60   29 
   1   72   73   76   17   60   29 
   1   72   73   76   17   60   29 
   1   72   73   76   17   60   29 
   1   72   73   76   17   60   29 
   1   72   73   76   17   60   29 
   1   72   73   76   17   60   29 
   1   72   73   76   17   60   29 
   1   72   73   76   17   60   29 
   1   72   73   76   17   60   29 
   1   72   73   76   17   60   29 
   1   72   73   76   17   60   29 
   1   72   73   76   17   60   29 
   1   72   73   76   17   60   29 
   1   72   73   76   17   60   29 
   1   72   73   76   17   60   29 
   1   72   73   76   17   60   29 
   1   72   73   76   17   60   29 
   1   72   73   76   17   60   29 
   1   72   73   76   17   60   29 
   1   72   73   76   17   60   29 
   1   72   73   76   17   60   29 
