  13    5   21    1   29   17    4    9   60 
  13    5   21    1   29   17    4   60    9 
  13    5   21   29    1   17    4    9   60 
  13    5   21    1   29   17    4    9   60 
  13    5   21    1   29   17    4    9   60 
  13    5   21    1   29   17    4    9   60 
  13    5   21    1   29   17    4    9   60 
  13    5   21    1   29   17    4    9   60 
  13    5   21    1   29   17    4    9   60 
  13    5   21    1   29   17    9    4   60 
  13    5   21    1   29   17    9    4   60 
  13    5   21    1   29   17    9    4   60 
  13    5   21    1   29   17    9    4   60 
  13    5   21    1   29   17    9    4   60 
  13    5   21    1   29    9   17    4   60 
  13    5   21    1   29   17    9    4   60 
  13    5   21    1   29   17    9    4   60 
  13    5   21   29    1   17    9    4   60 
  13    5   21   29    1   17    4    9   60 
  13    5   21   29    1   17    4    9   60 
  13    5   21   29    1   17    4    9   60 
  13    5   21   29    1   17    4    9   60 
  13    5   21   29    1   17    4    9   60 
  13    5   21   29    1   17    4    9   60 
  13    5   21   29    1   17    4    9   60 
  13    5   21   29    1   17    4    9   60 
  13    5   21   29    1   17    4   60    9 
  13    5   21   29    1   17    4   60    9 
  13    5   21   29    1   17    4   60    9 
  13    5   21   29    1   17    4   60    9 
  13    5   21   29    1   17    4   60    9 
  13    5   21   29    1   17    4   60    9 
  13    5   21   29    1   17    4   60    9 
  13    5   21   29    1   17    4   60    9 
  13    5   21   29    1   17    4   60    9 
  13    5   21   29    1   17    4   60    9 
  13    5   21   29    1   17    4    9   60 
  13    5   21   29    1   17    4   60    9 
  13    5   21   29    1   17    4   60    9 
  13    5   21   29    1   17    4   60    9 
  13    5   21   29    1   17    4   60    9 
  13    5   21   29    1   17    4   60    9 
  13    5   21   29    1   17    4   60    9 
   5   13   21   29    1   17    4   60    9 
   5   13   21   29    1    4   17   60    9 
   5   13   21   29    1    4   17   60    9 
   5   13   21   29    1    4   17   60    9 
   5   13   21   29    1    4   17   60    9 
   5   13   21   29    1    4   17   60    9 
   5   13   21   29    1    4   17   60    9 
   5   13   21   29    1    4   17   60    9 
   5   13   21   29    1    4   17   60    9 
   5   13   21   29    1    4   17   60    9 
   5   13   21   29    1    4   17   60    9 
   5   13   21   29    1    4   17   60    9 
  13    5   21   29    1    4   17   60    9 
  13    5   21   29    1    4   17   60    9 
  13    5   21   29    1    4   17   60    9 
  13    5   21   29    4    1   17   60    9 
  13    5   21   29    4    1   17   60    9 
  13    5   21   29    4   17    1   60    9 
  13    5   21   29    4   17    1   60    9 
  13    5   21   29    4   17    1   60    9 
  13    5   21   29    4   17    1   60    9 
  13    5   21   29    4   17    1   60    9 
  13    5   21   29    4   17    1   60    9 
  13    5   21   29    4    1   17   60    9 
  13    5   21   29    4    1   17   60    9 
  13    5   21   29    4    1   17   60    9 
  13    5   21   29    4   17    1   60    9 
  13    5   21   29    4   17    1   60    9 
  13    5   21   29    4   17    1   60    9 
  13    5   21   29    4   17    1   60    9 
  13    5   21   29    4   17    1   60    9 
  13    5   21   29    4    1   17   60    9 
   5   13   21   29    4   17    1   60    9 
   5   13   21   29    4   17   60    1    9 
   5   13   21   29    4   17   60    1    9 
  13    5   21   29    4   17   60    1    9 
   5   13   21   29    4   17   60    1    9 
   5   13   21   29    4   17   60    1    9 
   5   13   21   29    4   17   60    1    9 
   5   13   29   21    4   17   60    1    9 
   5   13   29   21    4   17   60    1    9 
   5   13   29   21    4   17   60    1    9 
   5   13   29   21    4   17   60    1    9 
   5   13   29   21    4   17   60    1    9 
   5   13   29   17   21    4   60    1    9 
   5   13   29   17    4   21   60    1    9 
   5   13   29   17    4   21   60    1    9 
   5   13   29   17    4   21   60    1    9 
   5   13   29   17    4   21   60    1    9 
   5   13   29   17    4   21   60    1    9 
   5   13   29   17    4   21   60    1    9 
   5   13   17   29    4   21   60    1    9 
   5   13   17   29    4   21   60    1    9 
   5   13   17   29    4   21   60    1    9 
   5   13   17   29    4   21   60    1    9 
   5   13   17    4   29   21   60    1    9 
   5   13   17    4   29   21   60    1    9 
   5   13   17    4   29   21   60    1    9 
   5   13    4   17   29   21   60    1    9 
   5   13    4   17   29   21   60    1    9 
   5   13    4   17   29   21   60    1    9 
   5   13    4   17   21   29   60    1    9 
  13    5    4   17   21   29   60    1    9 
  13    5    4   17   21   29   60    1    9 
  13    5    4   17   21   29   60    1    9 
  13    5    4   17   21   29   60    1    9 
  13    5    4   17   21   29   60    1    9 
  13    5    4   17   21   29   60    1    9 
  13    5    4   17   21   29   60    1    9 
   5   13    4   17   29   21   60    1    9 
   5   13    4   17   29   21   60    1    9 
   5   13    4   17   29   21   60    9    1 
   5   13    4   17   29   21   60   65    9    1 
   5   13    4   17   29   21   60   65    9    1 
  13    5    4   17   21   29   60   65    1    9 
  13    5    4   17   21   29   65   60    9    1 
  13    5    4   17   21   29   65   60    9    1 
   5   13    4   17   29   21   65   60    9    1 
   5   13    4   17   29   65   21   60    9    1 
   5   13    4   17   65   29   21   60    9    1 
   5   13    4   17   65   29   21   60    9    1 
   5   13    4   17   65   29   21   60    9    1 
   5   13    4   17   65   29   21   60    9    1 
   5   13    4   17   65   29   21   60    9    1 
  13    5    4   17   21   65   29   60    9    1 
  13    5    4   17   21   65   29   60    9    1 
  13    5    4   17   21   65   29   60    9    1 
  13    5    4   17   65   21   60   29    9    1 
  13    5    4   17   65   21   60   29    9    1 
  13    5    4   17   65   21   60   29    9    1 
  13    4    5   17   65   21   60    9   29    1 
  13    5    4   17   65   21   60   29    9    1 
  13    5    4   17   65   21   60   29    9    1 
   5   13    4   17   65   21   60   29    9    1 
   5   13    4   17   65   21   60   29    9    1 
   5    4   13   17   65   21   60   29    9    1 
   4   13    5   17   21    9    1 
   4   13    5   17   21   29    9    1 
   4   13    5   17   21   29    9    1 
   4   13    5   17   21   29    9    1 
   4   13    5   17   21    9   29    1 
   4   13    5   17   21   29    9    1 
   4   13    5   17   21   29    9    1 
   4   13    5   17   21    9    1 
   4   13    5   17   21    9    1 
   4   13    5   17   21    9    1 
   4   13    5   17   21    9    1 
   4   13    5   17   21    9    1 
   4   13    5   17   21    9    1 
   4   13    5   17   21    9    1 
   4   13    5   17   21    9    1 
   4   13    5   17   21    9    1 
   4   13    5   17   21    9    1 
   4   13    5   17   21    9    1 
   4   13    5   17   21    9    1 
   4   13    5   17   21    9    1 
   4   13    5   17   21    9    1 
   4   13    5   17   21    9    1 
   4   13    5   17   21    9    1 
   4   13    5   17   21    9    1 
   4   13    5   17   21    9    1 
   4   13    5   17   21    9    1 
   4   13   17    5   21    9    1 
   4   13   17    5   21    9    1 
   4   13   17    5   21    9    1 
   4   13   17    5   21    9    1 
   4   13   17    5   21    9    1 
   4   13   17    5   21    9    1 
   4   13   17    5   21    9    1 
   4   13   17    5   21    9    1 
   4   13   17    5   21    9    1 
   4   13   17    5   21    9    1 
   4   13   17    5   21    9    1 
   4   13   17    5   21    9    1 
   4   13   17    5   21    9    1 
   4   13   17    5   21    9    1 
   4   13   17    5   21    9    1 
   4   13   17    5   21    9    1 
   4   13   17    5   21    9    1 
   4   13   17    5   21    9    1 
   4   13   17    5   21    9    1 
   4   13   17    5   21    9    1 
   4   13   17    5   21    9    1 
   4   13   17    5   21    9    1 
   4   13   17    5   21    9    1 
   4   13   17    5   21    9    1 
   4   13   17   21    9    1 
   4   13   17   21    9    1 
   4   13   17   21    9    1 
   4   13   17   21    9    1 
   4   13   17   21    9    1 
   4   13   17   21    9    1 
   4   13   17   21    9    1 
   4   13   17   21    9    1 
   4   13   17   21    9    1 
   4   13   17   21    9    1 
   4   13   17   21    9    1 
   4   13   17   21    9    1 
   4   13   17   21    9    1 
   4   13   17   21    9    1 
   4   13   17   21    9    1 
   4   13   17   21    9    1 
   4   13   21   17    9    1 
   4   13   17   21    9    1 
   4   13   17   21    1    9 
   4   13   17   21    9    1 
   4   13   17   21    9    1 
   4   13   17   21    9    1 
   4   13   17   21    9    1 
   4   13   17   21    9 
   4   13   17   21    9    1 
   4   13   17   21    9    1 
   4   13   17   21    9    1 
   4   13   17   21    9    1 
   4   13   17   21    9    1 
  13    4   17   21    9    1 
  13    4   17   21    9    1 
   4   13   17   21    9    1 
   4   13   17   21    9    1 
   4   13   17   21    9    1 
   4   13   17   21    9    1 
   4   13   17   21    9    1 
   4   13   17   21    9    1 
   4   13   17   21    9    1 
   4   13   17   21    9    1 
   4   13   17   21    9    1 
   4   13   17   21    9    1 
   4   13   17   21    9    1 
  13    4   17   21    9    1 
  13    4   17   21    9    1 
  13    4   17   21    9    1 
  13    4   17   21    9    1 
  13    4   17   21    9    1 
  13    4   17   21    9    1 
  13   17    4   21    9    1 
  13   17   21    4    9    1 
  13   17   21    4    9    1 
  13   17   21    4    9    1 
  13   17   21    9    4    1 
  13   17   21    9    4    1 
  13   17   21    9    4    1 
  13   17   21    9    4    1 
  13   17   21    9    1 
  13   17   21    9 
  13   17   21    9 
  13   17   21    9 
  13   17   21    9 
  13    5   17   21    9   60    1   29   65 
  13    5   17   21    9   60    1   29   65 
  13    5   17   21    9   60    1   29   65 
  13    5   17   21    9   60    1   29   65 
  13    5   17   21    9   60    1   29   65 
  13    5   17   21    9   60    1   29   65 
  13   17    5   21    9   60    1   29   65 
  13   17    5   21    9   60    1   29   65 
  13   17    5   21    9   60    1   29   65 
  13    5   17   21    9    1   60   29   65 
  13    5   17   21    9    1   60   29   65 
  13    5   17   21    9    1   60   29   65 
  13    5   17   21    9    1   60   29   65 
  13    5   17   21    9    1   60   29   65 
  13    5   17   21    9    1   60   29   65 
  13    5   17   21    9    1   60   29   65 
  13    5   17   21    9    1   60   29   65 
  13    5   17   21    9    1   60   29   65 
  13    5   17   21    9    1   60   29   65 
  13    5   17   21    9   60    1   29   65 
  13    5   17   21    9   60    1   29   65 
  13    5   17   21    9   60    1   29   65 
  13    5   17   21   60    9    1   29   65 
  13    5   17   21   60    9    1   29   65 
  13    5   17   21   60    9    1   29   65 
  13    5   17   21   60    9    1   29   65 
  13    5   17   21   60    9    1   29   65 
  13    5   17   21   60    9    1   29   65 
  13    5   17   21   60    9    1   29   65 
  13    5   17   21   60    9    1   29   65 
  13    5   17   21   60    9    1   29   65 
  13    5   21   17   60    9    1   29   65 
  13    5   17   21   60    9    1   29   65 
  13    5   17   21   60    9    1   29   65 
  13    5   17   21   60    1    9   29   65 
  13    5   17   21   60    1    9   29   65 
  13    5   21   17   60    1    9   29   65 
  13    5   21   17   60    1    9   29   65 
  13    5   21   17   60    1    9   29   65 
  13    5   21   17   60    1    9   29   65 
  13    5   21   17   60    1    9   29   65 
  13    5   21   17   60    1    9   29   65 
  13    5   21   17   60    1    9   29   65 
  13    5   21   17   60    1    9   29   65 
  13    5   21   17   60    1    9   29   65 
  13    5   21   17    1   60    9   29   65 
  13    5   21   17    1   60    9   29   65 
  13    5   21   17    1   60    9   29   65 
  13    5   21   17    1   60    9   29   65 
  13    5   21   17    1   60    9   29   65 
  13    5   21   17    1   60    9   29   65 
  13    5   21   17    1   60    9   29   65 
  13    5   21   17    1   60    9   29   65 
  13    5   21   17    1   60    9   29   65 
   5   13   21   17    1   60    9   29   65 
   5   13   21   17   60    1    9   29   65 
   5   13   21   17   60    1    9   29   65 
   5   13   21   17   60    1    9   29   65 
   5   13   17   21   60    1    9   29   65 
   5   13   17   21   60    1    9   29   65 
   5   13   17   21   60    1    9   29   65 
   5   13   17   21   60    1    9   29   65 
   5   13   17   21   60    1    9   29   65 
   5   13   17   21   60    1    9   29   65 
   5   17   13   21   60    1   29    9   65 
   5   17   13   21   60    1   29    9   65 
   5   17   13   21   60    1   29    9   65 
   5   17   21   13   60    1    9   29   65 
   5   17   21   13   60    1   29    9   65 
   5   17   21   13   60    1   29    9   65 
   5   17   21   13   60    1   29    9   65 
   5   21   17   13   60    1   29    9   65 
  21    5   17   13   60    1   29    9   65 
  21   17    5   13   60    1   29    9   65 
  21   17    5   13   60    1   29    9   65 
  21   17    5   13   60    1   29    9   65 
  21   17    5   13   60    1   29    9   65 
  21   17    5   13    1   60   29    9   65 
  21   17    5    1   60   13   29    9 
  21   17    5    1   60   13   29    9 
  21   17    5    1   60   13   29    9 
  21   17    5    1   60   13   29    9 
  21   17    5    1   60   29   13    9 
  17   21    1    5   60   29   13    9 
  21    1   17    5   60   29   13    9 
   1   21   17    5   60   29   13    9 
  21    1   17    5   60   29   13    9 
  21    1   17    5   60   29   13    9 
  21    1   17    5   60   29   13    9 
   1   21   17    5   60   29   13    9 
   1   21   17    5   60   29   13    9 
   1   21   17    5   60   29   13    9 
   1   17   21    5   60   29   13    9 
   1   17   21    5   60   29   13    9 
   1   17   21    5   60   29   13    9 
   1   17   21    5   60   29   13    9 
  17    1   21    5   60   13   29    9 
  17    1    5   21   60   13   29    9 
  17    5    1   21   60   13   29    9 
  17    5    1   21   60   13   29    9 
  17    5    1   21   60   13   29    9 
  17    5   21    1   60   13   29    9 
  17    5   21    1   60   13   29    9 
  17    5   21    1   60   13   29    9 
   5   17   21    1   60   13   29    9 
   5   17    1   21   60   13   29    9 
   5   17   21    1   60   13   29    9 
   5   17   21    1   60   13   29    9 
   5   17   21    1   60   13   29    9 
   5   17   21    1   60   13   29    9 
   5   17   21    1   60   13   29    9 
   5   17   21    1   60   13   29    9 
   5   17   21    1   60   13   29    9 
   5   17   21    1   60   13   29    9 
   5   17   21    1   60   13   29    9 
   5    1   17   21   60   13   29    9 
   5    1   17   21   60   13   29    9 
   5    1   17   21   60   13   29    9 
   5    1   17   21   60   13   29    9 
   5    1   17   21   60   13   29    9 
   5    1   21   17   60   13   29    9 
   5    1   17   60   21   13   29    9 
   5    1   17   21   60   13   29    9 
   5    1   17   60   21   13   29    9 
   5    1   17   60   21   13   29    9 
   5    1   17   60   21   13   29    9 
   5    1   17   60   21   13   29    9 
  17    1   60   21    5   13   29    9 
   1   60   17   21    5   13   29    9 
  60    1   17   21    5   13   29    9 
  60   17    1   21    5   13   29    9 
   1   60   17   21    5   13   29    9 
  17   60    1   21    5   13   29    9 
   1   60   17   21    5   13   29    9 
  17   60    1   21    5   13   29    9 
  17   60    1   21    5   13   29    9 
  17   60    1   21    5   13   29    9 
  17   60    1   21    5   13   29    9 
  17   60    1   21    5   13   29    9 
  17   60    1    5   21   13    9   29 
  17   60   21    5    1   13    9   29 
  17   60   21    5    1   13    9   29 
  17   60   21    5    1   13    9   29 
  17   60   21    5    1   13    9   29 
  17   60   21    5    1   13    9   29 
  17   60   21    5    1   13    9   29 
  17   60    5   21    1   13    9   29 
  17    5   21    1   13    9   29 
  17    5   21    1   72   13   73    9   29 
  17    5   21    1   72   76   13   73    9   29 
  17    5   21    1   72   76   13   73    9   29 
  17    5    1   21   72   76   13   73    9   29 
  17    5    1   21   72   76   13   73    9   29 
  17    1    5   21   72   76   13   73    9   29 
  17    1    5   21   72   76   13   73    9   29 
  17    1    5   21   72   76   13   73    9   29 
  17    1    5   21   72   76   13   73    9   29 
  17    1    5   21   72   76   13   73    9   29 
  17    1    5   21   72   76   13   73    9   29 
  17    1    5   21   72   76   13   73    9   29 
  17    1    5   21   72   76   13   73    9   29 
  17    1    5   21   72   76   13   73    9   29 
  17    1    5   21   72   76   13   73    9   29 
  17    1    5   21   72   76   13   73    9   29 
  17    1    5   21   72   76   13   73    9   29 
  17    1    5   21   72   76   13   73    9   29 
  17    1   72   76   73   29 
  17    1   72   76   73   29 
  17    1   72   76   73   29 
  17    1   72   73   76   29 
  17    1   72   73   76   29 
  17    1   72   73   76   29 
  17    1   72   73   76   29 
  17    1   72   73   76   29 
  17    1   72   73   76   29 
  17    1   73   72   76   29 
  17    1   73   72   76   29 
  17    1   73   72   76   29 
  17    1   73   72   76   29 
  17    1   73   72   76   29 
  17    1   73   72   76   29 
  17    1   73   72   76   29 
  17    1   73   72   76   29 
  17    1   73   72   76   29 
  17    1   73   72   76   29 
  17    1   73   72   76   29 
  17    1   73   72   76   29 
  17    1   73   72   76   29 
  17    1   73   72   76   29 
  17    1   73   72   76   29 
  17    1   73   72   76   29 
  17    1   73   72   76   29 
  17    1   73   72   76   29 
  17    1   73   72   76   29 
  17    1   73   72   76   29 
  17    1   73   72   76   29 
  17    1   73   72   76   29 
  17    1   73   72   76   29 
  17    1   73   72   76   29 
  17    1   73   72   76   29 
  17    1   73   72   76   29 
  17    1   73   72   76   29 
  17    1   73   72   76   29 
  17    1   73   72   76   29 
  17    1   73   72   76   29 
   1   73   17   72   76   29 
   1   73   17   72   76   29 
   1   73   17   72   76   29 
  73    1   72   17   76   29 
  73    1   72   17   76   29 
  73    1   72   17   76   29 
  73    1   72   17   76   29 
   1   72   17   76   29 
   1   72   17   76   29 
   1   72   17   76   29 
   1   72   17   76   29 
   1   72   17   76   29 
  72    1   17   76   29 
   1   72   17   76   29 
  72    1   76   17   29 
  72    1   17   76   29 
   1   76   17   29 
   1   17   76   29 
  76   17    1   29 
   1   17   76   29 
   1   17   76   29 
   1   17   76   29 
   1   76   17   29 
   1   17   76   29 
   1   17   76   29 
   1   17   76   29 
   1   17   76   29 
   1   17   76   29 
   1   17   76   29 
   1   17   76   29 
   1   17   76   29 
   1   76   17   29 
   1   76   17   29 
   1   76   17   29 
   1   76   17   29 
  76    1   17   29 
  76    1   17   29 
  76    1   17   29 
  76    1   17   29 
  76    1   17   29 
   1   17   29 
   1   17   29 
   1   17   29 
   1   17   29 
   1   17   29 
   1   17   29 
   1   17   29 
   1   17   29 
   1   17   29 
   1   17   29 
   1   17   29 
   1   17   29 
   1   17   29 
   1   17   29 
   1   17   29 
   1   17   29 
   1   17   29 
   1   17   29 
   1   17   29 
   1   17   29 
   1   17   29 
   1   17   29 
   1   17   29 
   1   17   29 
   1   17   29 
   1   17   29 
   1   17   29 
   1   17   29 
   1   17   29 
   1   17   29 
   1   17   29 
   1   17   29 
   1   17   29 
   1   17   29 
   1   17   29 
   1   17   29 
   1   17   29 
   1   17   29 
   1   17   29 
   1   17   29 
   1   17   29 
   1   17   29 
   1   17   29 
   1   17   29 
   1   17   29 
   1   17   29 
   1   17   29 
   1   17   29 
   1   17   29 
   1   17   29 
   1   17   29 
   1   17   29 
   1   17   29 
   1   17   29 
   1   17   29 
   1   17   29 
   1   17   29 
   1   17   29 
   1   17   29 
   1   17   29 
   1   17   29 
   1   17   29 
   1   17   29 
   1   17   29 
   1   17   29 
   1   17   29 
   1   17   29 
   1   17   29 
   1   17   29 
   1   17   29 
   1   17   29 
   1   17   29 
   1   17   29 
   1   17   29 
   1   17   29 
   1   17   29 
   1   17   29 
   1   17   29 
   1   17   29 
   1   17   29 
   1   17   29 
   1   17   29 
   1   17   29 
   1   17   29 
   1   17   29 
   1   17   29 
   1   17   29 
   1   17   29 
   1   17   29 
   1   17   29 
   1   17   29 
   1   17   29 
   1   17   29 
   1   17   29 
   1   17   29 
   1   17   29 
   1   17   29 
   1   17   29 
   1   17   29 
   1   17   29 
   1   17   29 
   1   17   29 
   1   17   29 
   1   17   29 
   1   17   29 
   1   17   29 
   1   17   29 
   1   17   29 
   1   17   29 
   1   17   29 
   1   17   29 
   1   17   29 
   1   17   29 
   1   17   29 
   1   17   29 
   1   17   29 
   1   17   29 
   1   17   29 
   1   17   29 
   1   17   29 
   1   17   29 
   1   17   29 
   1   17   29 
   1   17   29 
   1   17   29 
   1   17   29 
   1   17   29 
   1   17   29 
   1   17   29 
   1   17   29 
   1   17   29 
   1   17   29 
   1   17   29 
   1   17   29 
   1   17   29 
   1   17   29 
   1   17   29 
   1   17   29 
   1   17   29 
   1   17   29 
   1   17   29 
   1   17   29 
   1   17   29 
   1   17   29 
   1   17   29 
   1   17   29 
   1   17   29 
   1   17   29 
   1   17   29 
   1   17   29 
   1   17   29 
   1   17   29 
   1   17   29 
   1   17   29 
   1   17   29 
   1   17   29 
   1   17   29 
   1   17   29 
   1   17   29 
   1   17   29 
   1   17   29 
   1   17   29 
   1   17   29 
   1   17   29 
   1   17   29 
   1   17   29 
   1   17   29 
   1   17   29 
   1   17   29 
   1   17   29 
   1   17   29 
   1   17   29 
   1   17   29 
   1   17   29 
   1   17   29 
   1   17   29 
   1   17   29 
   1   17   29 
   1   17   29 
   1   17   29 
   1   17   29 
   1   17   29 
   1   17   29 
   1   17   29 
   1   17   29 
   1   17   29 
   1   17   29 
   1   17   29 
   1   17   29 
   1   17   29 
   1   17   29 
   1   17   29 
   1   17   29 
   1   17   29 
   1   17   29 
   1   17   29 
   1   17   29 
   1   17   29 
   1   17   29 
   1   17   29 
   1   17   29 
   1   17   29 
   1   17   29 
   1   17   29 
   1   17   29 
   1   17   29 
   1   17   29 
   1   17   29 
   1   17   29 
   1   17   29 
   1   17   29 
   1   17   29 
   1   17   29 
   1   17   29 
   1   17   29 
   1   17   29 
   1   17   29 
   1   17   29 
   1   17   29 
   1   17   29 
   1   17   29 
   1   17   29 
   1   17   29 
   1   17   29 
   1   17   29 
   1   17   29 
   1   17   29 
   1   17   29 
   1   17   29 
   1   17   29 
   1   17   29 
   1   17   29 
   1   17   29 
   1   17   29 
   1   17   29 
   1   17   29 
   1   17   29 
   1   17   29 
   1   17   29 
   1   17   29 
   1   17   29 
   1   17   29 
   1   17   29 
   1   17   29 
   1   17   29 
   1   17   29 
   1   17   29 
   1   17   29 
   1   17   29 
   1   17   29 
   1   17   29 
   1   17   29 
   1   17   29 
   1   17   29 
   1   17   29 
   1   17   29 
   1   17   29 
   1   17   29 
   1   17   29 
   1   17   29 
   1   17   29 
   1   17   29 
   1   17   29 
   1   17   29 
   1   17   29 
   1   17   29 
   1   17   29 
   1   17   29 
   1   17   29 
   1   17   29 
   1   17   29 
   1   17   29 
   1   17   29 
   1   17   29 
   1   17   29 
   1   17   29 
   1   17   29 
