   1    5   21    9   17   13   29   69   68   25 
   1    5   21    9   17   13   29   69   68   25 
   1    5   21    9   17   13   29   69   68   25 
   1    5   21    9   17   13   29   69   68   25 
   1    5   21    9   17   13   29   69   68   25 
   1    5   21    9   17   13   29   69   68   25 
   1    5   21    9   13   17   29   69   68   25 
   1    5   21    9   13   17   29   69   68   25 
   1    5   21    9   13   17   29   69   68   25 
   1    5   21    9   13   17   29   69   68   25 
   1    5    9   21   13   17   29   69   68   25 
   1    5    9   21   13   17   29   69   68   25 
   1    5    9   21   13   17   29   69   68   25 
   1    5    9   21   13   17   29   69   68   25 
   1    5    9   21   13   17   29   69   68   25 
   1    5    9   21   17   13   29   69   68   25 
   1    5   21    9   13   17   29   69   68   25 
   1    5   21    9   13   17   29   69   68   25 
   1    5    9   21   13   17   29   69   68   25 
   1    5   21    9   13   17   29   69   68   25 
   1    5   21    9   13   17   29   69   68   25 
   1    5   21    9   13   17   29   69   68   25 
   1    5   21    9   13   17   29   69   68   25 
   1    5   21    9   13   17   29   69   68   25 
   1    5   21    9   13   17   29   69   68   25 
   1    5    9   21   13   17   29   69   68   25 
   1    5    9   21   13   17   29   69   68   25 
   1    5    9   21   13   17   29   69   68   25 
   1    5    9   21   13   17   29   69   68   25 
   1    9    5   21   13   17   29   69   68   25 
   1    5   21    9   13   17   29   69   68   25 
   1    5   21    9   13   17   29   69   68   25 
   1    5   21    9   13   17   29   69   68   25 
   1    5   21    9   13   29   17   69   68   25 
   1    5   21    9   13   29   17   69   68   25 
   1    5   21    9   13   29   17   69   68   25 
   1    5   21    9   13   29   17   69   68   25 
   1    5   21    9   13   29   17   69   68   25 
   1    5   21    9   13   29   17   69   68   25 
   1    5   21    9   13   29   17   69   68   25 
   1    5   21    9   13   29   17   69   68   25 
   1    5   21    9   13   29   17   69   68   25 
   1    5   21    9   13   29   17   69   68   25 
   1    9   21    5   13   29   17   69   68   25 
   1    5   21    9   13   29   17   69   68   25 
   1    5   21    9   13   29   17   69   68   25 
   1    5   21    9   13   29   17   69   68   25 
   1    5   21    9   13   29   17   69   68   25 
   1    5   21    9   13   29   17   69   68   25 
   1    5    9   21   13   29   17   69   68   25 
   1    5   21    9   13   29   17   69   68   25 
   1    5   21    9   13   29   17   69   68   25 
   1    5   21    9   13   29   17   69   68   25 
   1    5   21    9   13   29   17   69   68   25 
   1    5    9   21   13   29   17   69   68   25 
   1    5   21    9   13   29   17   69   68   25 
   1   21    9    5   13   29   17   69   68   25 
   1   21    5    9   13   29   17   69   68   25 
   1    5   21    9   13   29   17   69   68   25 
   1    5   21    9   13   29   17   69   68   25 
   1    5   21    9   13   29   17   69   68   25 
   1    5    9   21   13   29   17   69   68   25 
   1    5   21    9   13   29   17   69   68   25 
   1    5   21    9   13   29   17   69   68   25 
   1    5   21    9   13   29   17   69   68   25 
   1    5    9   21   13   29   17   69   68   25 
   1    5    9   21   13   29   17   69   68   25 
   1    5    9   21   13   29   17   69   68   25 
   1    5    9   21   13   29   17   69   68   25 
   1    5    9   21   13   29   17   69   68   25 
   1    5    9   21   13   29   17   69   68   25 
   1    5    9   21   13   29   17   69   68   25 
   1    5    9   21   13   29   17   69   68   25 
   1    5    9   21   13   29   17   69   68   25 
   1    9    5   21   13   29   17   69   68   25 
   1    9    5   21   13   29   17   69   68   25 
   1    9    5   21   13   29   17   69   68   25 
   1    5    9   21   13   29   17   69   68   25 
   1    9    5   21   13   29   17   69   68   25 
   1    5    9   21   13   29   17   69   68   25 
   1    5    9   21   13   29   17   69   68   25 
   1    5    9   21   13   29   17   69   68   25 
   1    5    9   21   13   29   17   69   68   25 
   1    5    9   21   13   29   17   69   68   25 
   1    5   21    9   13   29   17   69   68   25 
   1    5   21    9   13   29   17   69   68   25 
   1    5   21    9   13   29   17   69   68   25 
   1    5   21    9   13   29   17   69   68   25 
   1    5   21    9   13   29   17   69   68   25 
   1   21    5    9   13   29   17   69   68   25 
   1   21    5    9   13   29   17   69   68   25 
   1   21    5    9   13   29   17   69   68   25 
   1   21    9    5   13   29   17   69   68   25 
   1   21    5    9   13   29   17   69   68   25 
   1   21    9    5   13   29   17   69   68   25 
   1    9   21    5   13   29   17   69   68   25 
   1   21    9    5   13   29   17   69   68   25 
   1    9    5   21   13   29   17   69   68   25 
   1    9   21    5   13   29   17   69   68   25 
   1    9    5   21   13   29   17   69   68   25 
   1    9    5   21   13   29   17   69   68   25 
   1    9   21    5   13   29   17   69   68   25 
   1    9   21    5   13   29   17   69   68   25 
   1   21    9    5   13   29   17   69   68   25 
   1    9    5   21   13   29   17   69   68   25 
   1    9   21    5   13   29   17   69   68   25 
   1    9   21    5   13   29   17   69   68   25 
   1    9   21    5   13   29   17   69   68   25 
   1    5    9   21   13   29   17   69   68   25 
   1    9    5   21   13   29   17   69   68   25 
   1    9    5   21   13   29   17   69   68   25 
   1    9    5   21   13   29   17   69   68   25 
   1    9    5   21   13   29   17   69   68   25 
   1    9    5   21   13   29   17   69   68   25 
   1    9    5   21   13   29   17   69   68   25 
   1   21    5    9   13   29   17   69   68   25 
   1    9    5   21   13   29   17   69   68   25 
   1   21    5    9   13   29   17   69   68   25 
   1    9    5   21   13   29   17   69   68   25 
   1   21    5    9   13   29   17   69   68   25 
   1    9    5   21   13   29   17   69   68   25 
   1    5    9   21   13   29   17   69   68   25 
   1    5    9   21   13   29   17   69   68   25 
   1    5    9   21   13   29   17   69   68   25 
   1    5   21    9   13   29   17   69   68   25 
   1    5   21    9   13   29   17   69   68   25 
   1    5   21    9   13   29   17   69   68   25 
   1    5   21    9   13   29   17   69   68   25 
   1    5   21    9   13   29   17   69   68   25 
   1    5   21    9   13   29   17   69   68   25 
   1    5   21    9   13   29   17   69   68   25 
   1    5   21    9   13   29   17   69   68   25 
   1    5   21    9   13   29   17   69   68   25 
   1    9   21    5   13   29   17   69   68   25 
   1    5   21    9   13   29   17   69   68   25 
   1    5   21    9   13   29   17   69   68   25 
   1    5   21    9   13   29   17   69   68   25 
   1    5   21    9   13   29   17   69   68   25 
   1    5   21    9   13   29   17   69   68   25 
   1    5   21    9   13   29   17   69   68   25 
   1    5   21    9   13   29   17   69   68   25 
   1    5   21    9   13   29   17   69   68   25 
   1    9   21    5   13   29   17   69   68   25 
   1   21    5    9   13   29   17   69   68   25 
   1   21    9    5   13   29   17   69   68   25 
   1   21    5    9   13   29   17   69   68   25 
   1   21    5    9   13   29   17   69   68   25 
   1    9   21    5   13   29   17   69   68   25 
   1    9    5   21   13   29   17   69   68   25 
   1    5   21    9   13   29   17   69   68   25 
   1    5   21    9   13   29   17   69   68   25 
   1    5    9   21   13   29   17   69   68   25 
   1    9    5   21   13   29   17   69   68   25 
   1    9    5   21   13   29   17   69   68   25 
   1    5    9   21   13   29   17   69   68   25 
   1    9    5   21   13   29   17   69   68   25 
   1    9   21    5   13   29   17   69   68   25 
   1    9   21    5   13   29   17   69   68   25 
   1    9   21    5   13   29   17   69   68   25 
   1    9   21    5   13   29   17   69   68   25 
   1    9    5   21   13   29   17   69   68   25 
   1    5    9   21   13   29   17   69   68   25 
   1    5    9   21   13   29   17   69   68   25 
   1    5    9   21   13   29   17   69   68   25 
   1    5    9   21   13   29   17   69   68   25 
   1    5    9   21   13   29   17   69   68   25 
   1    5    9   21   13   29   17   69   68   25 
   1    5    9   21   13   29   17   69   68   25 
   1    5   21    9   13   29   17   69   68   25 
   1    5   21    9   13   29   17   69   68   25 
   1    5   21    9   13   29   17   69   68   25 
   1    5   21    9   13   29   17   69   68   25 
   1    5   21    9   13   29   17   69   68   25 
   1    5   21    9   13   29   17   69   68   25 
   1    5   21    9   13   29   17   69   68   25 
   1    9    5   21   13   29   17   69   68   25 
   1   21    5    9   13   29   17   69   68   25 
   1   21    5    9   13   29   17   69   68   25 
   1   21    9    5   13   29   17   69   68   25 
   1   21    9    5   13   29   17   69   68   25 
   1    9   21    5   13   29   17   69   68   25 
   1    9   21    5   13   29   17   69   68   25 
   1    9   21    5   13   29   17   69   68   25 
   1    9   21    5   13   29   17   69   68   25 
   1    9    5   21   13   29   17   69   68   25 
   1    9   21    5   13   29   17   69   68   25 
   1   21    9    5   13   29   17   69   68   25 
   1    9   21    5   13   29   17   69   68   25 
   1    9   21    5   13   29   17   69   68   25 
   1    9   21    5   13   29   17   69   68   25 
   1    9    5   21   13   29   17   69   68   25 
   1    9    5   21   13   29   17   69   68   25 
   1    9    5   21   13   29   17   69   68   25 
   1    9    5   21   13   29   17   69   68   25 
   1    9   21    5   13   29   17   69   68   25 
   1    9    5   21   29   13   17   69   68   25 
   1    9    5   21   29   13   17   69   68   25 
   1    9    5   21   29   13   17   69   68   25 
   1    9    5   21   29   13   17   69   68   25 
   1    5    9   21   29   13   17   69   68   25 
   1    9    5   21   29   13   17   69   68   25 
   1    9    5   21   29   13   17   69   68   25 
   1    5    9   21   29   13   17   69   68   25 
   1    5    9   21   29   13   17   69   68   25 
   1    5    9   21   29   13   17   69   68   25 
   1    9    5   21   29   13   17   69   68   25 
   1    5    9   21   29   13   17   69   68   25 
   1    5    9   21   29   13   17   69   68   25 
   1    5   21    9   29   13   17   69   68   25 
   1    5   21    9   13   29   17   69   68   25 
   1    5    9   21   13   29   17   69   68   25 
   1    5   21    9   13   29   17   69   68   25 
   1    5   21    9   13   29   17   69   68   25 
   1   21    5    9   13   29   17   69   68   25 
   1    5   21    9   13   29   17   69   68   25 
   1    5   21    9   13   29   17   69   68   25 
   1    9   21    5   13   29   17   69   68   25 
   1    9   21    5   13   29   17   69   68   25 
   1    9   21    5   13   29   17   69   68   25 
   1    9   21    5   13   29   17   69   68   25 
   1    9   21    5   13   29   17   69   68   25 
   1    9   21    5   13   29   17   69   68   25 
   1    9   21    5   13   29   17   69   68   25 
   1    9   21    5   13   29   17   69   68   25 
   1    9   21    5   13   29   17   69   68   25 
   1    9   21    5   13   29   17   69   68   25 
   1    9   21    5   13   29   17   69   68   25 
   1    9   21    5   13   29   17   69   68   25 
   1    9   21    5   13   29   17   69   68   25 
   1    9   21    5   13   29   17   69   68   25 
   1    9    5   21   13   29   17   69   68   25 
   1    5   21    9   13   29   17   69   68   25 
   1    5    9   21   13   29   17   69   68   25 
   1    9    5   21   13   29   17   69   68   25 
   1    9    5   21   13   29   17   69   68   25 
   1    9    5   21   13   29   17   69   68   25 
   1    9    5   21   13   29   17   69   68   25 
   1    9    5   21   13   29   17   69   68   25 
   1    9    5   21   13   29   17   69   68   25 
   1    5    9   21   13   29   17   69   68   25 
   1    9    5   21   13   29   17   69   68   25 
   1    9    5   21   29   13   17   69   68   25 
   1    5    9   21   13   29   17   69   68   25 
   1    5    9   21   13   29   17   69   68   25 
   1    5    9   21   29   13   17   69   68   25 
   1    9    5   21   29   13   17   69   68   25 
   1    5    9   21   29   13   17   69   68   25 
   1    5    9   21   29   13   17   69   68   25 
   1    5    9   21   29   13   17   69   68   25 
   1    5    9   21   29   13   17   69   68   25 
   1    5    9   21   13   29   17   69   68   25 
   1    5    9   21   29   13   17   69   68   25 
   1    5   21    9   13   29   17   69   68   25 
   1    5   21    9   13   29   17   69   68   25 
   1    5   21    9   13   29   17   69   68   25 
   1    5   21    9   29   13   17   69   68   25 
   1    5   21    9   29   13   17   69   68   25 
   1   21    9    5   13   29   17   69   68   25 
   1   21    5    9   13   29   17   69   68   25 
   1   21    9    5   13   29   17   69   68   25 
   1   21    9    5   13   29   17   69   68   25 
   1    9   21    5   13   29   17   69   68   25 
   1    9    5   21   13   29   17   69   68   25 
   1    9   21    5   13   29   17   69   68   25 
   1    9   21    5   13   29   17   69   68   25 
   1    9   21    5   13   29   17   69   68   25 
   1   21    9    5   13   29   17   69   68   25 
   1    9    5   21   13   29   17   69   68   25 
   1   21    5    9   13   29   17   69   68   25 
   1    5    9   21   13   29   17   69   68   25 
   1    5   21    9   13   29   17   69   68   25 
   1    9    5   21   13   29   17   69   68   25 
   1    5   21   13    9   29   17   69   68   25 
   1    9    5   21   13   29   17   69   68   25 
   1    5    9   21   29   13   17   69   68   25 
   1    5    9   21   13   29   17   69   68   25 
   1    5    9   21   13   29   17   69   68   25 
   1    5    9   21   13   29   17   69   68   25 
   1    5    9   21   29   13   17   69   68   25 
   1    5    9   21   29   13   17   69   68   25 
   1    5    9   21   29   13   17   69   68   25 
   1    5    9   21   29   13   17   69   68   25 
   1    5    9   21   29   13   17   69   68   25 
   1    5    9   21   29   13   17   69   68   25 
   1    5    9   21   29   13   17   69   68   25 
   1    5    9   21   29   13   17   69   68   25 
   1    5    9   21   29   13   17   69   68   25 
   1    5    9   21   29   13   17   69   68   25 
   1    5    9   21   29   13   17   69   68   25 
   1    5    9   21   29   13   17   69   68   25 
   1    5   21    9   29   13   17   69   68   25 
   1    5   21   29    9   13   17   69   68   25 
   1    5   21   29    9   13   17   69   68   25 
   1    5   21   29    9   13   17   69   68   25 
   1    5   21   29    9   13   17   69   68   25 
   1    5   21    9   29   13   17   69   68   25 
   1    5   21    9   29   13   17   69   68   25 
   1    5   21    9   13   29   17   69   68   25 
   1    5   21    9   13   29   17   69   68   25 
   1    5   21    9   13   29   17   69   68   25 
   1    5   21    9   13   29   17   69   68   25 
   1    5   21    9   13   29   17   69   68   25 
   1    5   21    9   13   29   17   69   68   25 
   1    5    9   21   13   29   17   69   68   25 
   1    5    9   21   13   29   17   69   68   25 
   1    5    9   21   13   29   17   69   68   25 
   1    5   21    9   13   29   17   69   68   25 
   1    5   21    9   13   29   17   69   68   25 
   1    5    9   21   13   29   17   69   68   25 
   1    5    9   21   13   29   17   69   68   25 
   1    5    9   21   13   29   17   69   68   25 
   1    5    9   21   13   29   17   69   68   25 
   1    5    9   21   13   29   17   69   68   25 
   1    5    9   21   13   29   17   69   68   25 
   1    5    9   21   13   29   17   69   68   25 
   1    5    9   21   13   29   17   69   68   25 
   1    5   21    9   13   29   17   69   68   25 
   1    5   21    9   13   29   17   69   68   25 
   1    5   21    9   13   29   17   69   68   25 
   1    5    9   21   13   29   17   69   68   25 
   1    5    9   21   29   13   17   69   68   25 
   1    5    9   21   29   13   17   69   68   25 
   1    5    9   21   29   13   17   69   68   25 
   1    5    9   21   29   13   17   69   68   25 
   1    5    9   21   29   13   17   69   68   25 
   1    5    9   21   29   13   17   69   68   25 
   1    5    9   21   29   13   17   69   68   25 
   1    5    9   21   29   13   17   69   68   25 
   1    5    9   21   29   13   17   69   68   25 
   1    5    9   21   29   13   17   69   68   25 
   1    5    9   21   29   13   17   69   68   25 
   1    5    9   21   29   13   17   69   68   25 
   1    5    9   21   29   13   17   69   68   25 
   1    5    9   21   29   13   17   69   68   25 
   1    5   21    9   29   13   17   69   68   25 
   1    5   21    9   29   13   17   69   68   25 
   1    5   21    9   13   29   17   69   68   25 
   1    5   21    9   13   29   17   69   68   25 
   1    5   21    9   13   29   17   69   68   25 
   1    5   21    9   13   29   17   69   68   25 
   1    5   21    9   13   29   17   69   68   25 
   1    5   21    9   13   29   17   69   68   25 
   1    5   21    9   13   29   17   69   68   25 
   1    5   21    9   13   29   17   69   68   25 
   1    5    9   21   13   29   17   69   68   25 
   1    5   21    9   13   29   17   69   68   25 
   1    5   21    9   13   29   17   69   68   25 
   1    5   21    9   13   29   17   69   68   25 
