  13    5   21   29   17    4   60    1    9 
  13    5   21   29   17    4   60    1    9 
  13    5   21   29   17    4   60    1    9 
  13    5   21   29   17    4   60    1    9 
  13    5   21   29   17    4   60    1    9 
  13    5   21   29   17    4   60    1    9 
  13    5   21   29   17    4   60    1    9 
  13    5   21   29   17    4   60    1    9 
  13    5   21   29   17    4   60    1    9 
  13    5   21   29    4   17   60    1    9 
  13    5   21   29    4   17   60    1    9 
  13    5   21   29    4   17   60    1    9 
  13    5   21   29    4   17   60    1    9 
  13    5   21   29    4   17   60    1    9 
  13    5   21   29    4   17   60    1    9 
  13    5   21   29    4   17   60    1    9 
  13    5   21   29    4   60   17    1    9 
  13    5   21   29    4   60   17    1    9 
  13    5   21   29    4   60   17    1    9 
  13    5   21   29    4   60   17    1    9 
  13    5   21   29    4   60   17    1    9 
  13    5   21   29    4   60   17    1    9 
  13    5   21   29    4   60   17    1    9 
  13    5   21   29    4   60   17    1    9 
  13    5   21   29    4   60   17    1    9 
  13    5   21   29    4   60   17    1    9 
  13    5   21   29    4   60   17    1    9 
  13    5   21   29    4   60   17    1    9 
  13    5   21   29    4   60   17    1    9 
  13    5   21   29    4   60   17    1    9 
  13    5   21   29    4   60   17    1    9 
  13    5   21   29    4   60   17    1    9 
  13    5   21   29    4   60   17    1    9 
  13    5   21   29    4   60   17    1    9 
  13    5   21   29    4   60   17    1    9 
  13    5   21   29    4   60   17    1    9 
  13    5   21   29    4   60   17    1    9 
  13    5   21   29    4   60   17    1    9 
  13   21    5   29    4   60   17    1    9 
  13   21    5   29    4   60   17    1    9 
  13   21    5   29    4   60   17    1    9 
  13   21    5   29    4   60   17    1    9 
  13   21    5   29    4   60   17    1    9 
  13   21    5   29    4   60   17    1    9 
  13   21    5   29    4   60   17    1    9 
  13   21    5   29    4   60   17    1    9 
  13   21    5    4   29   60   17    1    9 
  13   21    5    4   29   60   17    1    9 
  13   21    5    4   29   60   17    1    9 
  13   21    5    4   29   60   17    1    9 
  13   21    5   29    4   60   17    1    9 
  13   21    5    4   29   60   17    1    9 
  13   21    5    4   29   60   17    1    9 
  13   21    5    4   29   60   17    1    9 
  13   21    5    4   29   60   17    1    9 
  13   21    5    4   29   60   17    1    9 
  13   21    5    4   29   60   17    1    9 
  13   21    5    4   29   60   17    1    9 
  13   21    5    4   29   60   17    1    9 
  13   21    5    4   29   60   17    1    9 
  13   21    5    4   29   60   17    1    9 
  13   21    5    4   29   60   17    1    9 
  13   21    5    4   29   60   17    1    9 
  13   21    5    4   29   60   17    1    9 
  13   21    5    4   29   60   17    1    9 
  13   21    5    4   29   60   17    1    9 
  13   21    5   29    4   60   17    1    9 
  13   21    5   29    4   60   17    1    9 
  13   21    5   29    4   60   17    1    9 
  13   21    5    4   29   60   17    1    9 
  13   21    5    4   29   60   17    1    9 
  13   21    5    4   29   60   17    1    9 
  13   21    5    4   29   60   17    1    9 
  13   21    5    4   29   60   17    1    9 
  13   21    5    4   29   60   17    1    9 
  13   21    5    4   29   60   17    1    9 
  13   21    5    4   29   17   60    1    9 
  13   21    5    4   29   17   60    1    9 
  13   21    4    5   29   17   60    1    9 
  13   21    4    5   29   17   60    1    9 
  13   21    4    5   29   17   60    1    9 
  13   21    4    5   29   17   60    1    9 
  13   21    4    5   29   17   60    1    9 
  13   21    4    5   29   17   60    1    9 
  13   21    4    5   29   60   17    1    9 
  13   21    4    5   29   17   60    1    9 
  13   21    4    5   29   17   60    1    9 
  13   21    4    5   29   17   60    1    9 
  13   21    4    5   29   60   17    1    9 
  13   21    4    5   29   17   60    1    9 
  13   21    4    5   29   17   60    1    9 
  13   21    4    5   29   60   17    1    9 
  13   21    5    4   29   17   60    1    9 
  13   21    5    4   29   60   17    1    9 
  13   21    5    4   29   60   17    1    9 
  13   21    5    4   29   60   17    1    9 
  13   21    5    4   29   60   17    1    9 
  13   21    5    4   29   60   17    1    9 
  13   21    5    4   29   60   17    1    9 
  13   21    5    4   29   60   17    1    9 
  13   21    5    4   29   60   17    1    9 
  13   21    5    4   29   60   17    1    9 
  13   21    5    4   29   60   17    1    9 
  13   21    5    4   29   60   17    1    9 
  13   21    5    4   29   17   60    1    9 
  13   21    5    4   29   17   60    1    9 
  13   21    5    4   29   17   60    1    9 
  13   21    5    4   29   17   60    1    9 
  13   21    5    4   29   17   60    1    9 
  13   21    5    4   29   17   60    1    9 
  13   21    5    4   29   17   60    1    9 
  13   21    5    4   29   17   60    1    9 
  13   21    5    4   29   17   60    1    9 
  13   21    5    4   29   17   60    9    1 
  13   21    5    4   29   17   60    9    1 
  13   21    5    4   29   17   60    9    1 
  13   21    5    4   29   17   60    9    1 
  13   21    5    4   29   17   60    9    1 
  13   21    5    4   29   17   60    9    1 
  13   21    5    4   29   17   60    9    1 
  13   21    5    4   29   17   60    1    9 
  13   21    5    4   29   17   60    1    9 
  13   21    5    4   29   17   60    1    9 
  13   21    5    4   29   17   60    1    9 
  13   21    5    4   29   17   60    1    9 
  13   21    5    4   60   29   17    1    9 
  13   21    5    4   60   29   17    1    9 
  13   21    5    4   60   29   17    1    9 
  13   21    5    4   60   29   17    1    9 
  13   21    5    4   60   29   17    1    9 
  13   21    5    4   29   60   17    1    9 
  13   21    4    5   29   60   17    1    9 
  13   21    4    5   29   60   17    1    9 
  13   21    4    5   29   60   17    1    9 
  13   21    4    5   29   60   17    1    9 
  13   21    4    5   29   60   17    1    9 
  13   21    4    5   29   17   60    1    9 
  13   21    4    5   29   17   60    1    9 
  13   21    4    5   29   17   60    1    9 
  13   21    4    5   29   17   60    1    9 
  13   21    4    5   17   29   60    1    9 
  13   21    4    5   17   29   60    1    9 
  13   21    4    5   17   29   60    9    1 
  13   21    4    5   17   29   60    9    1 
  13   21    4    5   17   29   60 
  13   21    4    5   17   29   60 
  13   21    4    5   17   29   60 
  13   21    4    5   17   29   60 
  13   21    4    5   17   29   60 
  13   21    4    5   17   29   60 
  13   21    4    5   17   29   60 
  13   21    4    5   17   29   60 
  13   21    4    5   17   29   60 
  13   21    5    4   17   29   60 
  13   21    5    4   17   29   60 
  13   21    5    4   17   29   60 
  13   21    5    4   17   60   29 
  13   21    5    4   17   60   29 
  13   21    5    4   17   60   29 
  13   21    5    4   17   60   29 
  13   21    5    4   60   17   29 
  13   21    5    4   60   17   29 
  13   21    5    4   60   29   17 
  13   21    5    4   60   29   17 
  13   21    5    4   60   29   17 
  13   21    4    5   60   29   17 
  13   21    4    5   60   29   17 
  13   21    4    5   60   29   17 
  13   21    4    5   60   29   17 
  13   21    4    5   60   29   17 
  13   21    4    5   17   60   29 
  13   21    4    5   17   29   60 
  13    4   21    5   17   29   60 
  13    4   21    5   17   29   60 
  13    4   21    5   17   29   60 
  13    4   21    5   17   29   60 
  13    4   21    5   17   29   60 
  13    4   21    5   29   17   60 
  13    4   21    5   29   17   60 
  13    4   21    5   29   17   60 
  13    4   21    5   29   17   60 
  13    4   21    5   29   17   60 
  13    4   21    5   29   17   60 
  13    4   21    5   29   17   60 
  13    4   21    5   29   60   17 
  13    4   21    5   29   60   17 
  13    4   21    5   29   60   17 
  13    4   21    5   29   17 
  13    4   21    5   29   17 
  13    4   21    5   29   17 
  13    4   21    5   29   17 
  13    4   21    5   29   17 
  13    4   21    5   29   17 
  13    4   21    5   29   17 
  13    4   21    5   29   60   17 
  13    4   21    5   29   60   17 
  13    4   21    5   29   60   17 
  13    4   21    5   29   60   17 
  13    4   21    5   29   60   17 
  13    4   21    5   29   60   17 
  13    4   21    5   29   60   17 
  13    4   21    5   29   60   17 
  13    4   21    5   29   60   17 
  13    4   21    5   29   60   17 
  13    4   21    5   29   60   17 
  13    4   21    5   29   60   17 
  13    4   21    5   60   29   17 
  13    4   21    5   60   29 
  13    4   21    5   60   29   17 
  13    4   21    5   60   29   17 
  13    4   21    5   60   29   17 
  13    4   21    5   60   29   17 
  13    4   21    5   60   29   17 
  13    4   21    5   60   29   17 
  13    4   21    5   60   29   17 
  13    4   21    5   60   29   17 
  13    4   21    5   60   29   17 
  13    4   21    5   60   29   17 
  13    4   21    5   29   60   17 
  13    4   21    5   29   60 
  13    4   21    5   29   60   17 
  13    4   21    5   29   60   17 
  13    4   21    5   29   60   17 
  13    4   21    5   29   60   17 
  13    4   21    5   29   60   17 
  13    4   21    5   29   60   17 
  13    4   21    5   60   29 
  13    4   21    5   60   29   17 
  13    4   21    5   60   29   17 
  13    4   21    5   60   29   17 
  13    4   21    5   60   29   17 
  13    4   21    5   60   29   17 
  13    4   21    5   60   29 
  13    4   21    5   60   29   17 
  13    4   21    5   60   29   17 
  13    4   21    5   60   29   17 
  13    4   21    5   60   29   17 
  13    4   21    5   60   29   17 
  13    4   21    5   60   29   17 
  13    4   21    5   60   29 
  13    4   21    5   60   29 
  13    4   21    5   60   29 
  13    4   21    5   60   29 
  13    4   21    5   60   29 
  13    4   21    5   60   29 
  13    4   21    5   60   29   17 
  13    4   21    5   60   29 
  13    4   21    5   60   29 
  13    4   21    5   60   29 
  13    4   21    5   60   29 
  13    4   21    5   56   60   29 
  13    4   21    5   56   60   29 
  13    4   21    5   56   60   29 
  13    4   21    5   56   60   29 
  13    4   21    5   56   60   29 
  13    4   21    5   56   60   29 
  13    4   21    5   56   60   29 
  13    4   21    5   56   60   29 
  13    4   21    5   56   60   29 
  13    4   21    5   56   60   29 
  13    4   21    5   56   60   29 
  13    4   21    5   56   60   29 
  13    4   21    5   56   60   29 
  13    4   21    5   56   60   29 
  13    4   21    5   56   60   29 
  13    4   21    5   56   60   29 
  13    4   21    5   56   60   29 
  13    4   21    5   56   60   29 
  13    4   21    5   56   60   29 
  13    4   21    5   56   60   29 
  13    4   21    5   56   60   29 
  13    4   21    5   56   60   29 
  13    4   21    5   56   60   29 
  13    4   21    5   56   60   29 
  13    4   21    5   56   60   29 
  13    4   21    5   56   60   29 
  13    4   21    5   56   60   29 
  13    4   21    5   56   60   29 
  13    4   21    5   56   60   29 
  13    4   21    5   56   60   29 
  13    4   21    5   56   60   29 
  13    4   21    5   56   60   29 
  13    4   21    5   56   60   29 
  13    4   21    5   56   60   29 
  13    4   21    5   56   60   29 
  13    4   21    5   56   60   29 
  13    4   21   56    5   60   29 
  13    4   21   56    5   60   29 
  13    4   21   56    5   60   29 
  13    4   21   56    5   60   29 
  13    4   21    5   56   60   29 
  13    4   21    5   56   60   29 
  13    4   21    5   56   60   29 
  13    4   21    5   56   60   29 
  13    4   21    5   56   60   29 
  13    4   21    5   56   60   29 
  13    4   21    5   56   60   29 
  13    4   21    5   56   60   29 
  13    4   21    5   56   60   29 
  13    4   21    5   56   60   29 
  13    4   21    5   56   60   29 
  13    4   21    5   56   60   29 
  13    4   21    5   56   60   29 
  13    4   21    5   56   60   29 
  13    4   21    5   56   60   29 
  13    4   21    5   56   60   29 
  13    4   21    5   56   60   29 
  13    4   56   21    5   60   29 
  13    4   56   21    5   60   29 
  13    4   56   21    5   29   60 
  13    4   56   21    5   60   29 
  13    4   56   21    5   60   29 
  13    4   56   21    5   60   29 
  13    4   56   21    5   60   29 
  13    4   56   21    5   60   29 
  13    4   56   21    5   60   29 
  13    4   56   21    5   60   29 
  13    4   56   21    5   60   29 
  13    4   56   21    5   60   29 
  13    4   56   21    5   60   29 
  13    4   56   21    5   60   29 
  13    4   56   21    5   60   29 
  13    4   56   21    5   60   29 
  13    4   56   21    5   60   29 
  13    4   56   21    5   29   60 
  13    4   56   21    5   29   60 
  13    4   56   21    5   29   60 
  13    4   56   21    5   29   60 
  13    4   56   21    5   29   60 
  13    4   56   21    5   29   60 
  13    4   56   21    5   29 
  13    4   56   21    5   29 
  13    4   56   21    5   29   60 
  13    4   56   21    5   60   29 
  13    4   56   21    5   60   29 
  13    4   56   21    5   60   29 
  13    4   56   21    5   60   29 
  13    4   56   21    5   60   29 
  13    4   21   56    5   60   29 
  13    4   21   56    5   60   29 
  13    4   56   21    5   60   29 
  13    4   56   21    5   60   29 
  13    4   56   21    5   60   29 
  13    4   56   21    5   60   29 
  13    4   56   21    5   60   29 
  13    4   56   21    5   60   29 
  13    4   56   21    5   60   29 
  13    4   56   21    5   60   29 
  13    4   56   21    5   29 
  13    4   56   21    5   29 
  13    4   56   21    5   29 
  13    4   56   21    5   29 
  13    4   56   21    5   29 
  13    4   56   21    5   29 
  13    4   56   21    5   29 
  13    4   56   21    5   29 
  13    4   56   21    5   29 
  13    4   56   21    5   29 
  13    4   56   21    5   29 
  13    4   56   21    5   29 
  13    4   56   21    5   29 
  13    4   56   21    5   29 
  13    4   56   21    5   29 
  13    4   56   21    5   29 
  13    4   56   21    5   29 
  13    4   56   21    5   29 
  13    4   56   21    5   29 
  13    4   56   21    5   29 
  13    4   56   21    5   29 
  13    4   56   21    5   29 
  13    4   56   21    5   29 
  13    4   56   21    5   29 
  13    4   56   21    5   29 
  13    4   56   21    5   29 
  13    4   56   21    5   29 
  13    4   56   21    5   29 
  13    4   56   21    5   29 
  13    4   56   21    5   29 
  13    4   56   21    5   29 
  13    4   56   21    5   29 
  13    4   56   21    5   29 
  13    4   56   21    5   29 
  13    4   56   21    5   29 
  13    4   56   21    5   29 
  13    4   56   21    5   29 
  13    4   56   21    5   29 
  13    4   56   21    5   29 
  13    4   56   21    5   29 
  13    4   56   21    5   29 
  13    4   56   21    5   29 
  13    4   56   21    5   29 
  13    4   56   21    5   29 
  13    4   56   21    5   29 
  13    4   56   21    5   29 
  13    4   56   21    5   29 
  13    4   56   21    5   29 
  13    4   56   21    5   29 
  13    4   56   21    5   29 
  13    4   56   21    5   29 
  13    4   56   21    5   29 
  13    4   56   21    5   29 
  13    4   56   21    5   29 
  13    4   56   21    5   29 
  13    4   56   21    5   29 
  13    4   56   21    5   29 
  13    4   56   21    5   29 
  13    4   56   21    5   29 
  13    4   56   21    5   29 
  13    4   56   21    5   29 
  13    4   56   21    5   29 
  13    4   56   21    5   29 
  13    4   56   21    5   29 
  13    4   56   21    5   29 
  13    4   56   21    5   29 
  13    4   56   21    5   29 
  13    4   56   21    5   29 
  13    4   56   21    5   29 
  13    4   56   21    5   29 
  13    4   56   21    5   29 
  13    4   56   21    5   29 
  13    4   56   21    5   29 
  13    4   56   21    5   29 
  13    4   56   21    5   29 
  13    4   56   21    5   29 
  13    4   56   21    5   29 
  13    4   56   21    5   29 
  13    4   56   21    5   29 
  13    4   56   21    5   29 
  13    4   56   21    5   29 
  13    4   56   21    5   29 
  13    4   56   21    5   29 
  13    4   56   21    5   29 
  13    4   56   21    5   29 
  13    4   56   21    5   29 
  13    4   56   21    5   29 
  13    4   56   21    5   29 
  13    4   56   21    5   29 
  13    4   56   21    5   29 
  13    4   56   21    5   29 
  13    4   56   21    5   29 
  13    4   56   21    5   29 
  13    4   56   21    5   29 
  13    4   56   21    5   29 
  13    4   56   21    5   29 
  13    4   56   21    5   29 
  13    4   56   21    5   29 
  13    4   56   21    5   29 
  13    4   56   21    5   29 
  13    4   56   21    5   29 
  13    4   56   21    5   29 
  13    4   56   21    5   29 
  13    4   56   21    5   29 
  13    4   56   21    5   29 
  13    4   56   21    5   29 
  13    4   56   21    5   29 
  13    4   56   21    5   29 
  13    4   56   21    5   29 
  13    4   56   21    5   29 
  13    4   56   21    5   29 
  13    4   56   21    5   29 
  13    4   56   21    5   29 
  13    4   56   21    5   29 
  13    4   56   21    5   29 
  13    4   56   21    5   29 
  13    4   56   21    5   29 
  13    4   56   21    5   29 
  13    4   56   21    5   29 
  13    4   56   21    5   29 
  13    4   56   21    5   29 
  13    4   56   21    5   29 
  13    4   56   21    5   29 
  13    4   56   21    5   29 
  13    4   56   21    5   29 
  13    4   56   21    5   29 
  13    4   56   21    5   29 
  13    4   56   21    5   29 
  13    4   56   21    5   29 
  13    4   56   21    5   29 
  13    4   56   21    5   29 
  13    4   56   21    5   29 
  13    4   56   21    5   29 
  13    4   56   21    5   29 
  13    4   56   21    5   29 
  13    4   56   21    5   29 
  13    4   56   21    5   29 
  13    4   56   21    5   29 
  13    4   56   21    5   29 
  13    4   56   21    5   29 
  13    4   56   21    5   29 
  13    4   56   21    5   29 
  13    4   56   21    5   29 
  13    4   56   21    5   29 
  13    4   56   21    5   29 
  13    4   56   21    5   29 
  13    4   56   21    5   29 
  13    4   56   21    5   29 
  13    4   56   21    5   29 
  13    4   56   21    5   29 
  13    4   56   21    5   29 
  13    4   56   21    5   29 
  13    4   56   21    5   29 
  13    4   56   21    5 
  13    4   56   21    5 
  13    4   56   21    5 
  13    4   56   21    5 
  13    4   56   73   76   72   21    5 
  13    4   56   73   76   72   21    5 
  13    4   56   73   76   72   21    5 
  13    4   56   21    5 
  13    4   56   21    5 
  13    4   56   21    5 
  13    4   56   21    5 
  13    4   56   21    5 
  13    4   56   21    5 
  13    4   56   21    5 
  13    4   56   21    5 
  13    4   56   21    5 
  13    4   56   21    5 
  13    4   56   21    5 
  13    4   56   21    5 
  13    4   56   21    5 
  13    4   56   21    5 
  13    4   56   21    5 
  13    4   56   21    5 
  13    4   56   21    5 
  13    4   56   21    5 
  13    4   56   21    5 
  13    4   56   21    5 
  13    4   56   21    5 
  13    4   56   21    5 
  13    4   56   21    5 
  13    4   56   21    5 
  13    4   56   21    5 
  13    4   56   21    5 
  13    4   56   21    5 
  13    4   56   21    5 
  13    4   56   21    5 
  13    4   56   21    5 
  13    4   56   21    5 
  13    4   56   21    5 
  13    4   56   21    5 
  13    4   56   21    5 
  13    4   56   21    5 
  13    4   56   21    5 
  13    4   56   21    5 
  13    4   56   21    5 
  13    4   56   21    5 
  13    4   56   21    5 
  13    4   56   21    5 
  13    4   56 
  13    4   56   21    5 
  13    4   56 
  13    4   56   21    5 
  13    4   56 
  13    4   56   21    5 
  13    4   56   21    5 
  13    4   73   56   76   72   21    5 
  13    4   73   56   76   72   21    5 
  13    4   73   56   76   72   21    5 
  13    4   73   56   76   72   21    5 
  13    4   73   56   76   72   21    5 
  13    4   73   56   76   72   21    5 
  13    4   73   56   76   72   21    5 
  13    4   73   56   76   72   21    5 
  13    4   56   73   76   72   21    5 
  13    4   56   73   76   72   21    5 
  13    4   73   56   76   72   21    5 
  13    4   73   56   76   72   21    5 
  13    4   73   56   76   72   21    5 
  13    4   73   56   76   72   21    5 
  13    4   73   56   76   72   21    5 
  13    4   73   56   76   72   21    5 
  13    4   73   56   76   72   21    5 
  13    4   73   56   76   72   21    5 
  13    4   73   56   76   72   21    5 
  13    4   73   56   76   72   21    5 
  13    4   73   56   76   72   21    5 
  13    4   73   56   76   72   21    5 
  13    4   73   56   21    5 
  13    4   73   56   21    5 
  13    4   73   56 
  13    4   73   56 
  13    4   73   56 
  13    4   73   56 
  13    4   73   56 
  13    4   73   56 
  13    4   73   56 
  13    4   73   56 
  13    4   73   56   21    5 
  13    4   73   56   21    5 
  13    4   73   56   21    5 
  13    4   73   56   21    5 
  13    4   73   56   21    5 
  13    4   73   56   21    5 
  13    4   73   56   21    5 
  13    4   73   56   21    5 
  13    4   73   56   21    5 
  13    4   73   56   21    5 
  13    4   73   56   21    5 
  13    4   73   56   21    5 
  13    4   73   56   21    5 
  13    4   73   56   21    5 
  13    4   73   56   21    5 
  13    4   73   56   21    5 
  13    4   73   56   21    5 
  13    4   73   56   21    5 
  13    4   73   56   21    5 
  13    4   73   56   21    5 
  13    4   73   56   21    5 
  13    4   73   56   21    5 
  13    4   73   56   21    5 
  13    4   73   56   21    5 
  13    4   73   56   21    5 
  13    4   73   56   21    5 
  13    4   73   56   21    5 
  13    4   73   56   21    5 
  13    4   73   56   21    5 
  13    4   73   56   21    5 
  13    4   73   56   21    5 
  13    4   73   56   21    5 
  13    4   73   56   21    5 
  13    4   73   56   21    5 
  13    4   73   56   21    5 
  13    4   73   56   21    5 
  13    4   73   56   21    5 
  13    4   73   56   21    5 
  13    4   73   56   21    5 
  13    4   73   56   21    5 
  13    4   73   56   21    5 
  13    4   73   56   21    5 
  13    4   73   56   21    5 
  13    4   73   56   21    5 
  13    4   73   56   21    5 
  13    4   73   56   21    5 
  13    4   73   56   21    5 
  13    4   73   56   21    5 
  13    4   73   56   21    5 
  13    4   73   56   21    5 
  13    4   73   56   21    5 
  13    4   73   56   21    5 
  13    4   73   56   21    5 
  13    4   73   56   21    5 
  13    4   73   56   21    5 
  13    4   73   56   21    5 
  13    4   73   56   21    5 
  13    4   73   56   21    5 
  13    4   73   56   21    5 
  13    4   73   56   21    5 
  13    4   73   56   21    5 
  13    4   73   56   21    5 
  13    4   73   56   21    5 
  13    4   73   56   21    5 
  13    4   73   56   21    5 
  13    4   73   56   21    5 
  13    4   73   56   21    5 
  13    4   73   56   21    5 
  13    4   73   56   21    5 
  13    4   73   56   21    5 
  13    4   73   56   21    5 
  13    4   73   56   21    5 
  13    4   73   56   21    5 
  13    4   73   56   21    5 
  13    4   73   56   21    5 
  13    4   73   56   21    5 
  13    4   73   56   21    5 
  13    4   73   56   21    5 
  13    4   73   56   21    5 
  13    4   73   56   21    5 
  13    4   73   56   21    5 
  13    4   73   56   21    5 
  13    4   73   56   21    5 
  13    4   73   56   21    5 
  13    4   73   56   21    5 
  13    4   73   56   21    5 
  13    4   73   56   21    5 
  13    4   73   56   21    5 
  13    4   73   56   21    5 
  13    4   73   56   21    5 
  13    4   73   56   21    5 
  13    4   73   56   21    5 
  13    4   73   56   21    5 
  13    4   73   56   21    5 
  13    4   73   56   21    5 
  13    4   73   56   21    5 
  13    4   73   56   21    5 
  13    4   73   56   21    5 
  13    4   73   56   21    5 
  13    4   73   56   21    5 
  13    4   73   56   21    5 
  13    4   73   56   21    5 
  13    4   73   56   21    5 
  13    4   73   56   21    5 
  13    4   73   56   21    5 
  13    4   73   56   21    5 
  13    4   73   56   21    5 
  13    4   73   56   21    5 
  13    4   73   56   21    5 
  13    4   73   56   21    5 
  13    4   73   56   21    5 
  13    4   73   56   21    5 
  13    4   73   56   21    5 
  13    4   73   56   21    5 
  13    4   73   56   21    5 
  13    4   73   56   21    5 
  13    4   73   56   21    5 
  13    4   73   56   21    5 
  13    4   73   56   21    5 
  13    4   73   56   21    5 
  13    4   73   56   21    5 
  13    4   73   56   21    5 
  13    4   73   56   21    5 
  13    4   73   56   21    5 
  13    4   73   56   21    5 
  13    4   73   56   21    5 
  13    4   73   56   21    5 
  13    4   73   56   21    5 
  13    4   73   56   21    5 
  13    4   73   56   21    5 
  13    4   73   56   21    5 
  13    4   73   56   21    5 
  13    4   73   56   21    5 
  13    4   73   56   21    5 
  13    4   73   56   21    5 
  13    4   73   56   21    5 
  13    4   73   56   21    5 
  13    4   73   56   21    5 
  13    4   73   56   21    5 
  13    4   73   56   21    5 
  13    4   73   56   21    5 
  13    4   73   56   21    5 
  13    4   73   56   21    5 
  13    4   73   56   21    5 
  13    4   73   56   21    5 
  13    4   73   56   21    5 
  13    4   73   56   21    5 
  13    4   73   56   21    5 
  13    4   73   56   21    5 
  13    4   73   56   21    5 
  13    4   73   56   21    5 
  13    4   73   56   21    5 
  13    4   73   56   21    5 
  13    4   73   56   21    5 
  13    4   73   56 
  13    4   73   56   21    5 
  13    4   73   56   21    5 
  13    4   73   56   21    5 
  13    4   73   56   21    5 
  13    4   73   56   21    5 
  13    4   73   56   21    5 
  13    4   73   56   21    5 
  13    4   73   56   21    5 
  13    4   73   56   21    5 
  13    4   73   56   21    5 
  13    4   73   56   21    5 
  13    4   73   56   21    5 
  13    4   73   56   21    5 
  13    4   73   56   21    5 
  13    4   73   56   21    5 
  13    4   73   56   21    5 
  13    4   73   56   21    5 
  13    4   73   56   21    5 
  13    4   73   56   21    5 
  13    4   73   56   21    5 
  13    4   73   56   21    5 
  13    4   73   56   21    5 
  13    4   73   56   21    5 
  13    4   73   56   21    5 
  13    4   73   56   21    5 
  13    4   73   56   21    5 
  13    4   73   56   21    5 
  13    4   73   56   21    5 
  13    4   73   56   21    5 
  13    4   73   56   21    5 
  13    4   73   56   21    5 
  13    4   73   56   21    5 
  13    4   73   56   21    5 
  13    4   73   56   21    5 
  13    4   73   56   21    5 
  13    4   73   56   21    5 
  13    4   73   56   21    5 
  13    4   73   56   21    5 
  13    4   73   56   21    5 
  13    4   73   56   21    5 
  13    4   73   56   21    5 
  13    4   73   56   21    5 
  13    4   73   56   21    5 
  13    4   73   56   21    5 
  13    4   73   56   21    5 
  13    4   73   56   21    5 
  13    4   73   56   21    5 
  13    4   73   56   21    5 
  13    4   73   56   21    5 
  13    4   73   56   21    5 
  13    4   73   56   21    5 
  13    4   73   56   21    5 
  13    4   73   56   21    5 
  13    4   73   56   21    5 
  13    4   73   56   21    5 
  13    4   73   56   21    5 
  13    4   73   56   21    5 
  13    4   73   56   21    5 
  13    4   73   56   21    5 
  13    4   73   56   21    5 
  13    4   73   56   21    5 
  13    4   73   56   21    5 
  13    4   73   56   21    5 
  13    4   73   56   21    5 
  13    4   73   56   21    5 
  13    4   73   56   21    5 
  13    4   73   56   21    5 
  13    4   73   56   21    5 
  13    4   73   56   21    5 
  13    4   73   56   21    5 
  13    4   73   56   21    5 
  13    4   73   56   21    5 
  13    4   73   56   21    5 
  13    4   73   56   21    5 
  13    4   73   56   21    5 
  13    4   73   56   21    5 
  13    4   73   56   21    5 
  13    4   73   56   21    5 
  13    4   73   56   21    5 
  13    4   73   56   21    5 
  13    4   73   56   21    5 
  13    4   73   56   21    5 
  13    4   73   56   21    5 
  13    4   73   56   21    5 
  13    4   73   56   21    5 
  13    4   73   56   21    5 
  13    4   73   56   21    5 
  13    4   73   56   21    5 
  13    4   73   56   21    5 
  13    4   73   56   21    5 
  13    4   73   56   21    5 
  13    4   73   56   21    5 
  13    4   73   56   21    5 
  13    4   73   56   21    5 
  13    4   73   56   21    5 
  13    4   73   56   21    5 
  13    4   73   56   21    5 
  13    4   73   56   21    5 
  13    4   73   56   21    5 
  13    4   73   56   21    5 
  13    4   73   56   21    5 
  13    4   73   56   21    5 
  13    4   73   56   21    5 
  13    4   73   56   21    5 
  13    4   73   56   21    5 
  13    4   73   56   21    5 
  13    4   73   56   21    5 
  13    4   73   56   21    5 
  13    4   73   56   21    5 
  13    4   73   56   21    5 
  13    4   73   56   21    5 
  13    4   73   56   21    5 
  13    4   73   56   21    5 
  13    4   73   56   21    5 
  13    4   73   56   21    5 
  13    4   73   56   21    5 
  13    4   73   56   21    5 
  13    4   73   56   21    5 
  13    4   73   56   21    5 
  13    4   73   56   21    5 
  13    4   73   56   21    5 
  13    4   73   56   21    5 
  13    4   73   56   21    5 
  13    4   73   56   21    5 
  13    4   73   56   21    5 
  13    4   73   56   21    5 
  13    4   73   56   21    5 
  13    4   73   56   21    5 
  13    4   73   56   21    5 
  13    4   73   56   21    5 
  13    4   73   56   21    5 
  13    4   73   56   21    5 
  13    4   73   56   21    5 
  13    4   73   56   21    5 
  13    4   73   56   21    5 
  13    4   73   56   21    5 
  13    4   73   56   21    5 
  13    4   73   56   21    5 
  13    4   73   56   21    5 
  13    4   73   56   21    5 
  13    4   73   56   21    5 
  13    4   73   56   21    5 
  13    4   73   56   21    5 
  13    4   73   56   21    5 
  13    4   73   56   21    5 
  13    4   73   56   21    5 
  13    4   73   56   21    5 
  13    4   73   56   21    5 
  13    4   73   56   21    5 
  13    4   73   56   21    5 
  13    4   73   56   21    5 
  13    4   73   56   21    5 
  13    4   73   56   21    5 
  13    4   73   56   21    5 
  13    4   73   56   21    5 
  13    4   73   56   21    5 
  13    4   73   56   21    5 
  13    4   73   56   21    5 
  13    4   73   56   21    5 
  13    4   73   56   21    5 
  13    4   73   56   21    5 
  13    4   73   56   21    5 
  13    4   73   56   21    5 
  13    4   73   56   21    5 
  13    4   73   56   21    5 
  13    4   73   56   21    5 
  13    4   73   56   21    5 
  13    4   73   56   21    5 
  13    4   73   56   21    5 
  13    4   73   56   21    5 
  13    4   73   56   21    5 
  13    4   73   56   21    5 
  13    4   73   56   21    5 
  13    4   73   56   21    5 
  13    4   73   56   21    5 
  13    4   73   56   21    5 
  13    4   73   56   21    5 
  13    4   73   56   21    5 
  13    4   73   56   21    5 
  13    4   73   56   21    5 
  13    4   73   56   21    5 
  13    4   73   56   21    5 
  13    4   73   56   21    5 
  13    4   73   56   21    5 
  13    4   73   56   21    5 
  13    4   73   56   21    5 
  13    4   73   56   21    5 
  13    4   73   56   21    5 
  13    4   73   56   21    5 
  13    4   73   56   21    5 
  13    4   73   56   21    5 
  13    4   73   56   21    5 
  13    4   73   56   21    5 
  13    4   73   56   21    5 
  13    4   73   56   21    5 
  13    4   73   56   21    5 
  13    4   73   56   21    5 
  13    4   73   56 
  13    4   73   56   21    5 
  13    4   73   56 
  13    4   73   56 
  13    4   73   56 
  13    4   73   56 
  13    4   73   56 
  13    4   73   56 
  13    4   73   56 
  13    4   73   56 
  13    4   73   56 
  13    4   73   56 
  13    4   73   56 
  13    4   73   56 
  13    4   73   56 
  13    4   73   56 
  13    4   73   56 
  13    4   73   56 
  13    4   73   56 
  13    4   73   56 
  13    4   73   56 
  13   73    4   56 
  13    4   73   56 
  13    4   73   56 
  13    4   73   56 
  13    4   73   56 
  13    4   73   56 
  13    4   73   56 
  13    4   73   56 
  13    4   73   56 
  13   73    4   56 
  13    4   73   56 
  13    4   73   56 
  13    4   73   56 
  13   73    4   56 
  13   73    4   56 
  13    4   73   56 
  13   73    4   56 
  13   73    4   56 
  13   73    4   56 
  13   73    4   56 
  13   73    4   56 
  13   73    4   56 
  13   73    4   56 
  13   73    4   56 
  13   73    4   56 
  13   73    4   56 
  13   73    4   56 
  13   73    4   56 
  13   73    4   56 
  13   73    4   56 
  13   73    4   56 
  13   73    4   56 
  13   73    4   56 
  13   73    4   56 
  13   73    4   56 
  13   73    4   56 
  13   73    4   56 
  13   73    4   56 
  13   73    4   56 
  13    4   73   56 
  13    4   73   56 
  13    4   73   56   21    5 
  13    4   73   56   21    5 
  13    4   73   56   21    5 
  13    4   73   56   21    5 
  13    4   73   56   21    5 
  13    4   73   56   21    5 
  13    4   73   56   76   72   21    5 
  13    4   73   56   72   76   21    5 
  13    4   73   56   72   76   21    5 
  13    4   73   56   72   76   21    5 
  13    4   73   56   72   76   21    5 
  13    4   73   56   72   76   21    5 
  13    4   73   56   72   76   21    5 
  13    4   73   56   72   76   21    5 
  13    4   73   56   72   76   21    5 
  13    4   73   56   72   76   21    5 
  13    4   73   56   72   76   21    5 
  13    4   73   56   72   76   21    5 
  13    4   73   56   72   76   21    5 
  13    4   73   56   72   76   21    5 
  13    4   73   56   72   76   21    5 
  13    4   73   56   72   76   21    5 
  13    4   73   56   21    5 
  13    4   73   56   21    5 
  13    4   73   21   56    5 
  13    4   73   21   56    5 
  13    4   73   21    5   56 
  13    4   73   21    5   56   60 
  13    4   73   21    5   60 
  13    4   21   73    5   60 
  13    4   21    5   73   60 
  13    4   21    5   73   60 
  13   21    4    5   73   60 
  13   21    5    4   60   73   29    1 
  13   21    5    4   60   73   29    1 
  13   21    5    4   60   73   29    1 
  13   21    5   60    4   73   29    1 
  21    5   13   60    4   73   29    1   17 
  21    5   13   60    4   73   29    1   17 
  21    5   60   13    4   73   29    1   17 
   5   21   60   13    4   29   73    1   17 
   5   21   60   13    4   29   73    1   17 
  60    5   21   13    4   29   73    1   17 
  60    5   21   13   29    4   73    1   17 
  60    5   21   13   29    4    1   73   17 
  60    5   21   13   29    4    1   73   17 
  60    5   21   13   29    4    1   73   17 
  60    5   21   13   29    4    1   73   17 
  60    5   21   13   29    1    4   73   17 
  60    5   21   13   29    1    4   17   73 
  60    5   21   13   29    1 
  60    5   21   13   29    1 
  60    5   21   13   29    1 
  60    5   21   61   13   29   65    1    9 
  60    5   21   29    1 
  60    5   21   29    1 
  60    5   21   29    1 
  60    5   21   29    1    9 
   5   21   29    1    9 
   5   21   85   29    1    9 
   5   21   85   29    1    9 
   5   21   85   29    1    9 
   5   21   85   29    1    9 
   5   21   85   29    1    9 
   5   21   85   29    1    9 
   5   21   85   29    1    9 
   5   21   85   29    1    9 
   5   21   85   29    1    9 
   5   21   85   29    1    9 
   5   21   85   29    1    9 
   5   21   85   29    1    9 
   5   85   21   29    1    9 
   5   85   21   29    1    9 
   5   85   21   29    1    9 
   5   85   21   29    1    9 
  61 
  61 
  61 
  61 
  61 
  61 
  61 
  61 
  61 
  61 
  61 
  61 
  61 
  61 
  61 
  61 
  61 
  61 
  61 
  61 
  61 
  61 
  61 
  61 
  61 
  61 
  61 
  61 
  61 
  61 
  61 
  61 
  61 
  61 
  61 
  61 
  61 
  61 
  61 
  61 
  61 
  61 
  61 
  61 
  61 
  61 
  61 
  61 
  61 
  61 
  61 
  61 
  61 
  61 
  61 
  61 
  61 
  61 
  61 
  61 
  61 
  61 
  61 
  61 
  61 
  61 
  61 
  61   64 
  61   64 
  61   64 
  61   64 
  61   64   84   13    5   21   29 
  61   64 
  61   64 
  61   64 
  61   64 
  61   64 
  61   64 
  61   64 
  61   64 
  61   64 
  61   64 
  61   64 
  61   64 
  61   64 
  61   64 
  61   64 
  61   64 
  61   64 
  61   64 
  61   64 
  61   64 
  61   64 
  61   64 
  61   64 
  61   64 
  61   64 
  61   64 
  61   64 
  61   64 
  61   64 
  61   64 
  61   64 
  61   64 
  61   64 
  61   64 
  61   64 
  61   64 
  61   64 
  61   64 
  61   64 
  61   64 
  61   64 
  61   64 
  61   64 
  61   64 
  80   61   60   64   65 
  80   61   60   64   65 
  80   61   60    5   13   64   89   88   85   65 
  80   61   60    5   13   64   89   88   85   65 
  80   61   60    5   13   64   88   89   85   65 
  80   61   13   60    5   64   88   89   85   65 
  80   13   61   64   60    5   88   89   85   65 
  80   13   61   64   88   60    5   89   85   65 
  80   13   64   61   88   89   60    5   85   65 
  80   13   64   88   61   89   60    5   85   65 
  80   13   64   88   89   61   60    5   85   65 
  80   13   88   64   89   61   60    5   85   65 
  80   13   88   64   89   61   60    5   85   65 
  80   13   88   64   89   61   60    5   85   65 
  80   13   88   64   89   61   60    5   85   65 
  80   13   88   64   89   61    5   60   85   65 
  13   80   88   64   89   61    5   60   85   65 
  13   80   88   64   89   61    5   60   85   65 
  13   88   80   64   89   61    5   60   85   65 
  13   88   80   89   61    5   60   85   65 
  13   88   89   80    5   61   60   85   65 
  13   88   89   80    5   61   60   85   65 
  13   88   89   80    5   61   60   85   65 
  13   88   89   80    5   61   60   85   65 
  13   88   89   80    5   61   60   85   65 
  13   88   89   80    5   61   60   85   65 
  13   88   89   80    5   61   60   85   65 
  88   13   89   80    5   61   60   85   65 
  88   13   89    5   80   61   60   85   65 
  88   13   89    5   80   61   60   85 
  88   89   13    5   61   80   60   85 
  88   89   13    5   61   60   80   85 
  88   89   13    5   61   60   80   85 
  88   89   13    5   61   60   80   85 
  88   89   13    5   61   60   80   85 
  89   88   13    5   61   60   80   85 
  89   88   13    5   61   60   80   85 
  89   88   13   61    5   60   80   85   84 
  89   88   13   61    5   60   80   85   84 
  89   88   13   61    5   60   80   84   85 
  89   88   13   61    5   60   80   84   85 
  89   88   13   61    5   60   80   84   85 
  89   88   13   61    5   60   80   84   85 
  89   88   13   61    5   60   80   84   85 
  89   88   13   61    5   60   80   84   85 
  89   88   13   61    5   60   80   84   85 
  89   88   61   13    5   60   80   84   85 
  89   88   61   13    5   60   80   84   85 
  89   88   61   13    5   60   80   85   84 
  89   88   61   13    5   60   80   85   84 
  89   61   88   13    5   60   80   85   84 
  89   61   88    5   13   60   80   85   84 
  89   61   88    5   13   60   80   85   84 
  61   88    5   13   60   80   85   84 
   5   88   13   60   80   85   65   84   21   29   17 
   5   88   13   60   80   85   65   84   21   29   17 
   5   88   13   60   80   85   65   84   21   29   17 
  88   13   60   80   85   65   84    5   21   29   17 
  88   13   60   80   85   65   84    5   21   29   17 
  88   13   60   80   85   65   84    5   21   29   17 
  88   13   80   60   85   65   84    5   21   29   17 
  80   13   88   60   85   65   84    5   21   29   17 
  80   13   60   88   85   65   84    5   21   29   17 
  80   13   60   88   85   65 
  13   88   60   85   65 
  13   88   60   85   65 
  13   88   60   85   65 
  13   88   60   85   65 
  13   88   60   85   65 
  13   88   60   85   65 
  13   88   60   85   65 
  13   88   60   85   65 
  13   88   60   85   65 
  88   60   85   65 
  88   60   85   65 
  60   85   65 
  60   85   65 
  60   85   65 
  60   85   65 
  60   85   65 
  60   85   65 
  60   85   65 
  60   85   65 
  60   85   65 
  60   85   65 
  60   85   65   84    5   21   29   17 
  60   85   65   84    5   21   29   17 
  85   65   84    5   21   29   17 
  85   65   84    5   21   29   17 
  85   65   84    5   21   29   17 
  85   65   84    5   21   29   17 
  85   65   84    5   21   29   17 
  85   65   84    5   21   29   17 
  85   65   84    5   21   29   17 
  85   65   84    5   21   29   17 
  85   65   84    5   21   29   17 
  85   65   84    5   21   29   17 
  85   65   84    5   21   29   17 
  85   65   84    5   21   29   17 
  85   65   84    5   21   29   17 
  85   65   84    5   21   29   17 
  85   65   84    5   21   29   17 
  85   65   84    5   21   29   17 
  85   65   84    5   21   29   17 
  85   65   84    5   21   29   17 
  85   65   84    5   21   29   17 
  85   65   84    5   21   29   17 
  85   65   84    5   21   29   17 
  85   65   84    5   21   29   17 
  85   65   84    5   21   29   17 
  85   65   84    5   21   29   17 
  85   65   84    5   21   29   17 
  85   65   84    5   21   29   17 
  85   65 
  85   65 
  85   65 
  85 
  85 
  85 
  85 
  85 
  85 
  85 
  85 
  85 
  85 
  85 
  85 
  85 
  85 
  85 
  85 
  85 
  85 
  85 
  85 
  85 
  85 
  85 
  85 
  85 
  85 
  85 
  85 
  85 
  85 
  85 
  85 
  85 
  85 
  85 
  85 
  85 
  85 
  85 
  85 
  85 
  85 
  85   84 
  85   84 
  85   84 
  85   84 
  85   84 
  85   84 
  85   84 
  85   84 
  85   84 
  85   65   84    5   21   29   17 
  85   65   84    5   21   29   17 
  85   65   84    5   21   29   17 
  85   65   84    5   21   29   17 
  85   65   84    5   21   29   17 
  85   65   84    5   21   29   17 
  85   65   84    5   21   29   17 
  85   65   84    5   21   29   17 
  85   65   84    5   21   29   17 
  85   65   84    5   21   29   17 
  85   65   84    5   21   29   17 
  85   65   84    5   21   29   17 
  85   65   84    5   21   29   17 
  85   65   84    5   21   29   17 
  85   65   84    5   21   29   17 
  85   65   84    5   21   29   17 
  85   65   84    5   21   29   17 
  85   65   84    5   21   29   17 
  85   65   84    5   21   29   17 
  85   65 
  85   65 
  85   65 
  85   65 
  85   65 
  85   65 
  85   65 
  85   65 
  85   65 
  85   65 
  85   65 
  85   65 
  85   65 
  85   65 
  85   65 
  85   65 
  85   65   84    5   21   29   17 
  85   65   84    5   21   29   17 
  85   65   84    5   21   29   17 
  85   65   84    5   21   29   17 
  85   65   84    5   21   29   17 
  85   65   84    5   21   29   17 
  85   65   84    5   21   29   17 
  85   65   84    5   21   29   17 
  85   65   84    5   21   29   17 
  85   65   84    5   21   29   17 
  85   65   84    5   21   29   17 
  85   65   84    5   21   29   17 
  85   65   84    5   21   29   17 
  85   65   84    5   21   29   17 
  85   65   84    5   21   29   17 
  85   65   84    5   21   29   17 
  85   65   84    5   21   29   17 
  85   65   84    5   21   29   17 
  85   65   84    5   21   29   17 
  85   65   84    5   21   29   17 
  85   65   84    5   21   29   17 
  85   65   84    5   21   29   17 
  85   65   84    5   21   29   17 
  85   65   84    5   21   29   17 
  85   65   84    5   21   29   17 
  85   65   84    5   21   29   17 
  85   65 
  85   65 
  85   65 
  85   65 
  85   65 
  85   65 
  85   65 
  85   65 
  85   65 
  85   65    5   84   21   29    1   17    9 
  85   65    5   84   21   29    1   17    9 
  85   65    5   21   84   29    1   17    9 
  85   65    5   21   84   29    1   17    9 
  85   65    5   21   84   29    1   17    9 
  85   65    5   21   84   29    1   17    9 
  85   65    5   21   84   29    1   17    9 
  85   65    5   21   84   29    1   17    9 
  85   65    5   21   84   29    1   17    9 
  85   65    5   21   84   29    1   17    9 
  85   65    5   21   84   29    1   17    9 
  85   65    5   21   84   29    1   17    9 
  85   65    5   84   21   29    1   17    9 
  85   65    5   84   21   29    1   17    9 
  85   65    5   84   21   29    1   17    9 
  85   65    5   84   21   29    1   17    9 
  85   65    5   84   21   29    1   17    9 
  85   65    5   84   21   29    1   17    9 
  85   65    5   84   21   29    1   17    9 
  85   65    5   84   21   29    1   17    9 
  85   65    5   84   21   29    1   17    9 
  85   65    5   84   21   29    1   17    9 
  85   65    5   84   21   29    1   17    9 
  85   65    5   84   21   29    1   17    9 
  85   65    5   84   21   29    1   17    9 
  85   65    5   84   21   29    1   17    9 
  85   65   84    5   21   29    1   17    9 
  85   65   84    5   21   29    1   17    9 
  85   65   84    5   21   29    1   17    9 
  85   65   84    5   21   29    1   17    9 
  85   65   84    5   21   29    1   17    9 
  85   65   84    5   21   29    1   17    9 
  85   65   84    5   21   29    1   17    9 
  85   65   84    5   21   29   17 
  85   65   84    5   21   29   17 
  85   65   84    5   21   29   17 
  85   65   84    5   21   29   17 
  85   65   84    5   21   29   17 
  85   65   84    5   21   29   17 
  85   65   84    5   21   29   17 
  85   65   84    5   21   29   17 
  85   65   84    5   21   29   17 
  85   65   84    5   21   29   17 
  85   65   84    5   21   29   17 
  85   65   84    5   21   29   17 
  85   65   84    5   21   29   17 
  85   65   84    5   21   29   17 
  85   65   84    5   21   29   17 
  85   65   84    5   21   29   17 
  85   84   65   21    5   29   17 
  85   84   65   21    5   29   17 
  85   84   65   21    5    4   73   29   56   17 
  85   84   65   21    5    4   73   29   56   17 
  85   84   65   21    5    4   29   73   17 
  84   85   65   21    5    4   29   73   17 
  85   84   65   21    5    4   29   73   17 
  84   85   65   21    5    4   29   73   17 
  84   85   65   21    5    4   29   73    1   17    9 
  84   85   65   21    5   29    4   73    1   17    9 
  84   85   65   21    5   29    4   73    1   17    9 
  84   85   65   21    5   29    4    1   73   17    9 
  84   85   65   21    5   29    4    1   73   17    9 
  84   21   85    5   65   29    4    1   17   73    9 
  84   21    5   85   65   29    4    1   17   73    9 
  84   21    5   85   65   29    4    1   17   73    9 
  84   21    5   85   65   29    4    1   17   73    9 
  84   21    5   29   85   65    4    1   17   73    9 
  21   84    5   29   85   65    1    4   17   73    9 
  21   84    5   29   85   65    1   17    4    9   73 
  21    5   84   29   85   65    1   17    4    9   73 
  21    5   84   29   17    1   65   85    4    9   73 
  21    5   84   29   17    1   65   85    4    9   73 
  21    5   84   29   17    1   65   85    4    9   73 
  21    5   29   84   17    1    9   65    4   85   73 
  21    5   29   84   17    1   85    9    4   73 
  21    5   29   84   17    1   85    9    4   73 
  21    5   29   17   84    1   85    9    4   73 
  21    5   29   17   84    1   85    9    4   73   72   69   76   13   68 
  21    5   29   17    1   84   85    9    4   73   72   69   13   76   68 
  21    5   29   17    1   85    9   69   13   68 
  21    5   29   17    1   85    9   69   13   68 
  21    5   29   17    1   85    9   69   13   68 
  21    5   29   17    1   85    9   69   13   68 
  21    5   29   17    1   85    9   69   13   68 
  21    5   29   17    1   85    9   69   13   68 
  21    5   29   17    1   85    9   69   13   68 
  21    5   29   17    1   85    9   69   13   68 
  21    5   29   17    1   85    9   69   13   68 
  21   29    5   17    1   85    9   69   13   68 
  21   29    5   17    1   85    9   69   13   68 
  21   29    5   17    1   85    9   69   13   68 
  29   21    5   17    1   85    9 
  29   21   17    5    1   85    9 
  29   21   17    5    1   85    9 
  29   21   17    5    1    9   65   85 
  29    1    5   17   21    9   65   85 
  29   17    5   21    1    9   65   85 
  29   17   21    5    1    9   65   85 
  29   21   17    5    1    9   65   85 
  29   21   17    5    1    9   65   85 
  29   21   17    5    1    9   65   85 
  29   21   17    5    1    9   65   85 
  29   21    5   17    1    9   65   85 
  21   29    5   17    1    9   65   85 
  21   29    5   17    1    9   65   85 
  21   29    5   17    1    9   65   85 
  21   29    5   17    1    9   65   85 
  21   29    5   17    1    9   65   85 
  21    5   29   17    1    9   65   85 
  21    5   29   17    1    9   65   85 
   5   21   29   17    1    9   65   85 
   5   29   21   17    1    9   65   85 
   5   29   21    1   17    9   65   85 
   5   29    1   21   17    9   65   85 
   5   29    1   21   17    9   65   85 
  29    5    1   17   21    9   65   85 
  29    5    1   17   21    9   65   85 
  29    5    1   17   21    9   65   85 
  29    1    5   17    9   21   65   85 
  29    1    5    9   17   21   65   85 
