  13    5   17   29    1   25   21    9    4   60 
  13    5   17   29    1   25   21    9    4   60 
  13    5   17   29    1   25   21    9    4   60 
  13    5   17   29    1   25   21    9    4   60 
  13    5   17   29    1   25   21    9    4   60 
  13    5   17   29    1   21   25    9    4   60 
  13    5   17   29    1   25   21    9    4   60 
  13    5   17   29    1   21   25    9    4   60 
  13    5   17   29    1   21   25    4   60    9 
  13   17    5   29    1   25   21    4   60    9 
  13   17    5   29    1   25   21    4   60    9 
  13   17    5   29    1   25   21    4   60    9 
  13   17    5   29    1   25   21    4   60    9 
  13   17    5   29    1   25   21    4   60    9 
  13   17    5   29    1   25   21    4   60    9 
  13   17    5   29   25    1   21    4   60    9 
  13   17    5   29   25    1   21    4   60    9 
  13   17    5   29   25   21    1    4   60    9 
  13   17    5   29   25   21    1    4   60    9 
  13   17    5   29   25   21    1    4   60    9 
  13   17    5   29   25   21    1    4   60    9 
  13    5   17   29   25   21    1    4   60    9 
  13    5   17   29   25   21    1    4   60    9 
  13    5   17   29   25   21    1    4   60    9 
  13    5   17   29   25   21    1    4   60    9 
  13   17    5   29   25    1   21    4   60    9 
  13    5   17   29   25    1   21    4   60    9 
  13    5   17   29   25    1   21    4   60    9 
  13    5   17   29   25    1   21    4   60    9 
  13    5   17   29   25    1   21    4   60    9 
  13    5   17   29   25    1   21    4   60    9 
  13    5   17   25   29    1   21    4   60    9 
  13    5   17   25   29    1   21    4   60    9 
  13    5   17   25   29    1   21    4   60    9 
  13    5   17   25   29    1   21    4    9   60 
  13    5   17   25   29    1   21    4    9   60 
  13    5   17   25   29    1   21    4    9   60 
  13    5   17   25   29    1   21    4    9   60 
  13    5   17   25   29    1   21    4   60    9 
  13    5   17   25   29   21    1    4    9   60 
  13    5   25   17   29   21    1    4    9   60 
  13    5   25   17   29   21    1    4    9   60 
  13    5   25   17   29   21    1    4   60    9 
  13   25    5   17   29   21    1    4   60    9 
  13   25    5   29   17   21    1    4   60    9 
  13   25   17    5   29   21    1    4   60    9 
  13   25   17    5   29   21    1    4   60    9 
  13   25   17   29    5   21    1    4   60    9 
  13   25   17   29    5   21    1    4   60    9 
  13   25    5   17   29   21    1    4   60    9 
  13   25   17    5   29   21    1    4   60    9 
  13   25    5   17   29   21    1    4   60    9 
  13   25   29   17    5   21    1    4   60    9 
  13   25   29    5   17   21    1    4   60    9 
  13   25   29   17    5   21    1    4   60    9 
  13   25   29   17    5   21    1    4   60    9 
  13   25   29   17    5   21    1    4   60    9 
  13   25   29    5   17   21    1    4   60    9 
  13   25   29   17    5   21    1    4   60    9 
  13   25   29    5   17   21    1    4   60    9 
  13   25    5   29   17    1   21    4   60    9 
  13   25   29    5   17   21    1    4   60    9 
  13   25   29    5   17    1   21    4   60    9 
  13   25   29    5   17    1   21    4   60    9 
  13   25    5   29   17    1   21    4   60    9 
  13   25    5   29   17    1   21    4   60    9 
  13   25   29    5   17    1   21    4   60    9 
  13   25    5   29   17    1   21    4   60    9 
  13   25    5   29   17    1    4   21   60    9 
  25   13    5   29   17    1    4   21   60    9 
  25   13    5   29   17    1    4   21   60    9 
  25   13    5   29   17    1    4   21   60    9 
  25   13    5   29   17    1    4   21   60    9 
  25   13    5   29   17    1    4   21   60    9 
  25   13    5   29   17    1    4   21   60    9 
  25   13    5   29   17    1    4   21   60    9 
  25   13    5   29   17    1    4   21   60    9 
  25   13    5   29   17    1    4   21   60    9 
  25   13    5   29   17    1    4   21   60    9 
  25   13    5   29   17    1    4   21   60    9 
  25   13    5   29   17    1    4   21   60    9 
  25   13   29    5   17    1    4   21   60    9 
  25   13   29    5   17    1    4   21   60    9 
  25   13   29    5   17    4    1   21   60    9 
  25   13   29    5   17    4    1   21   60    9 
  25   13   29    5   17    4    1   21   60    9 
  25   13   29    5   17    4    1   21   60    9 
  25   13   29    5   17    4    1   60   21    9 
  25   13   29    5   17    4    1   21   60    9 
  25   13   29    5   17    4    1   60   21    9 
  25   13   29    5   17    4    1   60   21    9 
  25   13   29    5   17    4    1   60   21    9 
  25   13   29    5   17    4    1   60   21    9 
  25   13   29    5   17    4    1   60   21    9 
  25   13   29    5   17    4    1   60   21    9 
  25   13   29    5   17    4    1   60   21    9 
  25   13   29    5   17    4    1   60   21    9 
  25   13   29    5   17    4    1   60   21    9 
  25   13   29    5   17    4   60    1   21    9 
  25   13   29    5   17    4   60    1   21    9 
  25   13   29    5   17    4   60   21    1    9 
  25   13   29    5   17    4   60   21    1    9 
  25   13   29    5   17    4   60   21    1    9 
  25   13   29    5   17    4    1   60   21    9 
  25   13   29    5    4   17    1   60   21    9 
  25   13   29    5    4   17    1   60   21    9 
  25   13    5   29    4   17    1   60   21    9 
  25   13    5   29    4   17    1   60   21    9 
  25   13    5   29    4   17    1   60   21    9 
  25   13    5   29    4   17    1   60   21    9 
  25   13    5   29    4   17    1   60   21    9 
  25   13    5   29    4   17    1   60   21    9 
  25   13    5   29    4   17    1   60   21    9 
  25   13    5   29    4   17    1   60   21    9 
  25   13    5   29    4   17    1   60   21    9 
  25   13    5   29    4   17    1   60   21    9 
  25    5   13   29    4   17    1   60   21    9 
  25    5   13   29    4   17    1   60   21    9 
  25    5   13   29    4   17    1   60   21    9 
  25    5   13   29    4   17    1   60   21    9 
  25    5   13   29    4   17    1   60   21    9 
  25    5   13   29    4   17   60    1   21    9 
  25    5   13   29    4   17   60    1   21    9 
  25    5   13   29    4   17   60    1   21    9 
  25    5   13   29    4   17   60    1   21    9 
  25    5   13   29    4   17   60    1   21    9 
  25    5   13   29    4   17   60    1   21    9 
  25    5   13   29    4   17   60    1   21    9 
  25    5   13   29    4   17   60    1   21    9 
  25    5   13   29    4   17   60    1   21    9 
  25    5   13   29    4   17   60    1   21    9 
  25   13    5   29    4   17   60    1   21    9 
  25   13    5   29    4   17   60   21    1    9 
  25   13    5   29    4   17   60   21    1    9 
  25   13    5   29    4   17   60   21    1    9 
  25   13    5   29    4   17   60   21    1    9 
  25   13    4    5   17   21    1    9 
  25   13    4    5   17   21    1    9 
  25   13    4    5   17   21    1    9 
  25    4   13    5   17   21    1 
  25    4   13    5   17   21    1 
  25    4   13    5   17   21    1 
  25    4   13    5   17   21    1 
  25    4   13    5   17   21    1 
  25    4   13    5   17   21    1 
  25    4   13    5   17   21    1 
  25    4   13    5   17   21    1 
  25    4   13    5   17   21    1 
  25    4   13   17    5    1   21 
  25    4   13    5   17    1   21 
  25    4   13    5   17    1   21 
  25    4   13    5   17    1   21 
  25    4   13    5   17    1   21 
  25    4   13    5   17    1   21 
  25    4    5   13   17    1   21 
  25    4    5   13   17    1   21 
  25    4   13    5   17    1   21 
  25    4   13    5   17    1   21    9 
  25    4   13    5   17    1   21    9 
  25    4   13    5   17    1   21    9 
  25    4   13    5   17    1   21    9 
  25    4   13    5   17    1   21    9 
  25    4   13    5   17    1   21    9 
  25    4   13    5   17    1   21    9 
  25    4   13    5   17    1   21    9 
  25    4    5   13   17    1   21    9 
  25    4    5   13   17    1   21    9 
  25    4    5   17   13    1   21    9 
  25    4    5   17   13    1   21    9 
  25    4    5   17   13   21    1    9 
  25    4    5   17   13   21    1    9 
  25    4    5   17   13   21    1    9 
  25    4    5   17   13   21    1    9 
  25    4    5   17   13   21    1    9 
  25    4    5   17   13   21    1    9 
  25    4    5   17   13   21    1    9 
  25    4    5   17   13   21    1    9 
  25    4    5   17   13   21    1    9 
  25    4    5   17   13   21    1    9 
  25    4    5   17   13   21    1    9 
  25    4    5   17   13   21    1    9 
  25    4    5   17   13   21    1    9 
  25    4    5   17   13   21    1    9 
  25    4    5   17   13   21    1    9 
  25    4    5   17   13   21    1    9 
  25    4    5   17   13   21    1    9 
  25    4    5   17   13   21    1    9 
  25    4    5   17   13   21    1    9 
  25    4    5   17   13   21    1    9 
  25    4    5   17   13   21    1    9 
  25    4    5   17   13   21    1 
  25    4    5   17   13    1   21    9 
  25    4    5   17   13   21    1    9 
  25    4    5   17   13   21    1    9 
  25    4    5   17   13    1   21    9 
   4    5   17   13    1   21    9 
   4    5   17   13    1   21    9 
   4    5   17   13    1   21    9 
   4   13    5   17   21    1    9 
   4   13   17    5   21    1    9 
   4    5   17   13   21    1    9 
   4    5   17   13   21    1    9 
   4   17    5   13   21    1    9 
   4   17    5   13   21    1    9 
   4   17    5   13    1   21    9 
   4   17    5   13    1   21    9 
   4   17    5   13    1   21    9 
   4   17    5   13   21    1    9 
   4   29   17    5   13   21    1    9 
   4   29   17    5   13   21    1    9 
   4   29   17    5   13   21    1    9 
   4   29   17    5   13   21    1    9 
   4   29   17    5   13   21    9    1 
   4   29   17    5   13   21    9    1 
   4   29   17    5   13   21    9    1 
   4   29   17    5   13   21    9    1 
   4   29   17    5   13   21    9    1 
   4   29   17    5   13   21    9    1 
   4   17   29    5   13   21    9    1 
   4   17   29    5   13   21    9    1 
   4   29   17    5   13   21    9    1 
   4   29   17    5   13   21    9    1 
   4   29   17   13    5   21    9    1 
   4   29   17   13    5   21    1    9 
   4   29   17    5   13   21    9    1 
   4   17   29    5   13   21    9    1 
   4   29   17    5   13   21    9    1 
   4   29   17    5   13   21    9    1 
   4   29   17    5   13   21    9    1 
   4   29   17    5   13   21    9    1 
   4   29   17    5   13   21    9    1 
   4   29   17    5   13   21    9    1 
   4   29   17    5   60   13   21    9    1 
   4   17   29    5   13   60   21    9    1 
   4   17   29    5   13   60   21    9    1 
   4   17   29    5   13   60   21    9    1 
   4   17   29    5   13   60   21    9    1 
   4   17   29    5   13   60    9   21    1 
   4   17   29    5   13   60   21    1    9 
   4   17   29    5   13   60   21    9    1 
   4   29   17    5   13   60   21    9    1 
   4   29   17    5   13   60    1   21    9 
   4   29   17    5   13   60   21    1    9 
   4   29   17    5   13   60   21    1    9 
   4   29   17    5   13   60   21    1    9 
   4   29   17    5   13   60   21    1    9 
   4   29    5   17   13   60   21    1    9 
   4    5   29   17   13   60   21    1    9 
   4    5   29   17   13   60   21    1    9 
   4    5   29   17   60   13   21    1    9 
   4    5   13   29   17   60   21    1    9 
   4   13    5   29   17   60   21    1    9 
   4   13    5   29   17   60   21    1    9 
   4   13    5   17   60   21    1    9 
   4   13    5   29   17   60   21    1    9 
   4   13   29    5   17   60   21    1    9 
   4   13   17   29    5   60   21    1    9 
   4   13   17   29    5   60   21    1    9 
   4   13   17   29    5   21   60    1    9 
   4   13   17   29    5   21   60    1 
   4   13   17   29    5   60 
   4   13   17   29    5   60 
   4   13   29   17    5   60 
   4   13   29   17    5   60 
   4   13   29   17    5   60 
   4   13   29   17    5   60 
   4   13   29   17    5   60 
   4   13   29   17    5   60 
   4   13   29   17    5   60 
   4   13   29   17    5 
   4   13   29   17    5 
   4   13   29   17    5 
   4   13   29   17    5 
   4   13   69   29   17    5   72 
   4   69   13   29   17    5   72 
   4   69   29   13   17    5   72 
   4   69   13   29   17    5   72 
   4   69   29   13   17    5   72 
   4   69   29   13   17    5   72 
   4   69   29   13   17    5   72 
   4   69   29   13   17    5   72 
   4   69   29   13   17    5   72 
   4   69   29   13   17    5   72 
   4   69   29   13   17    5   72 
   4   69   13   29   17    5   72 
   4   69   13   29   17    5   72 
   4   69   29   17   72 
   4   69   29   17   72 
   4   69   29   17   72 
   4   69   29   17   72 
   4   69   29   17   72 
   4   69   29   17   72 
   4   69   29   17   72 
   4   69   29   17   72 
   4   69   29   17   72 
   4   29   69   17   72 
   4   29   69   17   72 
   4   29   69   17   72 
   4   29   69   17   72 
   4   29   69   17   72 
   4   29   69   17   72 
   4   29   69   17   72 
   4   29   17   69   72 
   4   29   17   69   72 
   4   29   17   69   72 
   4   29   17   69   72 
   4   29   17   69   72 
   4   29   69   72 
   4   29   72 
   4   29   72 
   4   29   72 
   4   29   72 
   4   29   72 
   4   29   72 
   4   29   72 
   4   29   72 
   4   29   72 
   4   29   72 
   4   29   72 
   4   29   72 
   4   29   72 
   4   29   72 
   4   29   72 
   4   29   72 
   4   29   72 
   4   29   72 
   4   29   72 
   4   29   72 
   4   29   72 
   4   29   72 
   4   29   72 
   4   29   72 
   4   29   72 
   4   29   17   72 
   4   29   17   72 
   4   29   17   72 
   4   29   17   72 
   4   29   17   72 
   4   29   17   72 
   4   29   17   72 
   4   29   17   72 
   4   29   17   72 
   4   29   17   72 
   4   29   17   72 
   4   29   17   72 
   4   29   17   72 
   4   29   17   72 
   4   29   17   72 
   4   29   17   72 
   4   29   17   72 
   4   29   17   72 
   4   29   17   72 
   4   29   72 
   4   29   72 
   4   29   72 
   4   29   72 
   4   29   72 
   4   29   72 
   4   29   72 
   4   29   72 
   4   29   72 
   4   29   72 
   4   29   72 
   4   29   72 
   4   29   72 
   4   29   72 
   4   29   72 
   4   29   72 
   4   29   72 
   4   17   29   72 
   4   17   29   72 
   4   17   72   29 
   4   17   72   29 
   4   17   72   29 
   4   72   29 
   4   72   29 
   4   17   29   72 
   4   29   17   72 
   4   29   17   72 
   4   29   17   72 
   4   29   17   72 
   4   29   17   72 
   4   29   17   72 
   4   29   17   72 
   4   29   17   72 
   4   29   17   72 
   4   29   17   72 
   4   29   17   72 
   4   29   17   72 
   4   29   17   72 
   4   29   17   72 
   4   29   72 
   4   29   72 
   4   29   72 
   4   29   72 
   4   29   72 
   4   29   72 
   4   29   72 
   4   29   72 
   4   29   72 
   4   29   72 
   4   29   72 
   4   29   72 
   4   29   72 
   4   29   72 
   4   29   72 
   4   29   72 
   4   29   72 
   4   29   72 
   4   29   72 
   4   29   72 
   4   29   72 
   4   17   72 
   4   17   29   72 
