   1    5   21   17    9   13   29   69   68   25 
   1    5   21   17    9   29   13   69   68   25 
   1    5   17   21    9   29   13   69   68   25 
   1   17    5   21    9   29   13   69   68   25 
   1   17    5   21    9   29   13   69   68   25 
   1    9   21    5   17   29   13   69   68   25 
   1    9   21    5   17   29   13   69   68   25 
   1    5   17   21    9   29   13   69   68   25 
   1    5   17   21    9   29   13   69   68   25 
   1    5   17    9   21   29   13   69   68   25 
   1    5    9   17   21   29   13   69   68   25 
   1    5    9   17   21   29   13   69   68   25 
   1    5   21    9   17   29   13   69   68   25 
   1    5   21    9   17   29   13   69   68   25 
   1   21    9    5   17   29   13   69   68   25 
   1   21    9    5   17   29   13   69   68   25 
   1    9   21    5   17   29   13   69   68   25 
   1   21    9    5   17   29   13   69   68   25 
   1   21    9    5   17   29   13   69   68   25 
   1   21    9    5   17   29   13   69   68   25 
   1   21    9    5   17   29   13   69   68   25 
   1   21    9    5   17   29   13   69   68   25 
   1   21    9    5   17   29   13   69   68   25 
   1   21    9    5   17   29   13   69   68   25 
   1   21    9    5   17   29   13   69   68   25 
   1   21    9    5   17   29   13   69   68   25 
   1   21    9    5   17   29   13   69   68   25 
   1   21    9    5   17   29   13   69   68   25 
   1   21    9    5   17   29   13   69   68   25 
   1   21    9    5   17   29   13   69   68   25 
   1   21    9    5   17   29   13   69   68   25 
   1   21    9    5   17   29   13   69   68   25 
   1   21    9    5   29   17   13   69   68   25 
   1    5   21    9   29   17   13   69   68   25 
   1    5   21    9   29   17   13   69   68   25 
   1    5   21    9   29   17   13   69   68   25 
   1    5   21    9   29   17   13   69   68   25 
   1    5   21    9   17   29   13   69   68   25 
   1    5   21    9   17   29   13   69   68   25 
   1    5   21    9   17   29   13   69   68   25 
   1    5   21    9   17   29   13   69   68   25 
   1    5   21    9   17   29   13   69   68   25 
   1    5   21    9   17   29   13   69   68   25 
   1    5   21    9   17   29   13   69   68   25 
   1    5   21    9   17   29   13   69   68   25 
   1    5   21    9   17   29   13   69   68   25 
   1    5   21    9   17   29   13   69   68   25 
   1    5   21    9   17   29   13   69   68   25 
   1    5   21    9   17   29   13   69   68   25 
   1    5   21    9   17   29   13   69   68   25 
   1    5    9   21   17   29   13   69   72   68   25 
   1    5    9   21   17   29   13   69   72   68   25 
   1    5    9   21   17   29   13   69   72   68   25 
   1    5   21    9   17   29   13   69   72   68   25 
   1    5    9   21   29   17   13   69   72   68   25 
   1    5    9   21   29   17   13   69   72   68   25 
   1    5    9   21   29   17   13   69   72   68   25 
   1    5    9   21   29   17   13   69   72   68   25 
   1    5    9   21   29   17   13   69   72   68   25 
   1    5    9   21   29   17   13   69   72   68   25 
   1    5    9   21   29   17   13   69   72   68   25 
   1    5    9   21   29   17   13   69   72   68   25 
   1    5    9   21   29   17   13   69   72   68   25 
   1    5    9   21   29   17   13   69   72   68   25 
   1    5    9   21   29   17   13   69   72   68   25 
   1    5    9   21   29   17   13   69   72   68   25 
   1    5    9   21   29   17   13   69   72   68   25 
   1    5    9   21   29   17   13   69   72   68   25 
   1    5    9   21   29   17   13   69   72   68   25 
   1    9    5   21   29   17   13   69   72   68   25 
   1    9    5   21   29   17   13   69   72   68   25 
   1    9    5   21   29   17   13   69   72   68   25 
   1    5    9   21   29   17   13   69   72   68   25 
   1    5   21    9   29   17   13   69   72   68   25 
   1    5   21    9   29   17   13   69   72   68   25 
   1    5   21    9   29   17   13   69   72   68   25 
   1    5    9   21   29   17   13   69   72   68   25 
   1    5    9   21   29   17   13   69   72   68   25 
   1    5    9   21   29   17   13   69   72   68   25 
   1    5   21    9   29   17   13   72   69   68   25 
   1    5   21    9   29   17   13   72   69   68   25 
   1    5   21    9   29   17   13   72   69   68   25 
   1   21    9    5   29   17   13   72   69   68   25 
   1   21    9    5   29   17   13   72   69   68   25 
   1    9    5   21   29   17   13   72   69   68   25 
   1    5    9   21   29   17   13   72   69   68   25 
   1    5   21    9   29   17   13   72   69   68   25 
   1    5   21    9   29   17   13   72   69   68   25 
   1    5    9   21   29   17   13   72   69   68   25 
   1    5    9   21   29   17   13   72   69   68   25 
   1    5    9   21   29   17   13   72   69   68   25 
   1    5    9   21   29   17   13   72   69   68   25 
   1    5    9   21   29   17   13   72   69   68   25 
   1    5    9   21   29   17   13   72   69   68   25 
   1    9    5   21   29   17   13   72   69   68   25 
   1    9    5   21   29   17   13   72   69   68   25 
   1    9    5   21   29   17   13   72   69   68   25 
   1    9    5   21   29   17   13   72   69   68   25 
   1    9    5   21   29   17   13   72   69   68   25 
   1    9   21    5   29   17   13   72   69   68   25 
   1    9   21    5   29   17   13   72   69   68   25 
   1    9   21    5   29   17   13   72   69   68   25 
   1    9   21    5   29   17   13   72   69   68   25 
   1    9   21    5   29   17   13   72   69   68   25 
   1    9   21    5   29   17   13   72   69   68   25 
   1    9   21    5   29   17   13   72   69   68   25 
   1    9   21    5   29   17   13   72   69   68   25 
   1    9   21    5   29   17   13   72   69   68   25 
   1    9   21    5   29   17   13   72   69   68   25 
   1    9   21    5   29   17   13   72   69   68   25 
   1    9   21    5   29   17   13   69   72   68   25 
   1    9   21    5   29   17   13   69   72   68   25 
   1    9   21    5   29   17   13   69   72   68   25 
   1    9   21    5   29   17   13   69   72   68   25 
   1    9   21    5   29   17   69   68   25 
   1    9   21    5   29   17   69   68   25 
   1    9   21    5   29   17   69   68   25 
   1    9   21    5   29   17   69   68   25 
   1    9   21    5   29   17   69   68   25 
   1    9   21    5   29   17   69   68   25 
   1    9   21    5   29   17   69   68   25 
   1    9   21    5   29   17   69   68   25 
   1   21    9    5   29   17   69   68   25 
   1   21    9    5   29   17   69   68   25 
   1   21    9    5   29   17   69   68   25 
   1   21    9    5   29   17   69   68   25 
   1   21    9    5   29   17   13   69   72   68   25 
   1   21    9    5   29   17   13   69   72   68   25 
   1   21    9    5   29   17   13   72   69   68   25 
   1    9   21    5   29   17   13   72   69   68   25 
   1    9   21    5   29   17   13   72   69   68   25 
   1    9   21    5   29   17   13   72   69   68   25 
   1    9   21    5   29   17   13   72   69   68   25 
   1    9   21    5   29   17   13   72   69   68   25 
   1    9   21    5   29   17   13   69   72   68   25 
   1    9   21    5   29   17   13   69   72   68   25 
   1    9   21    5   29   17   13   69   72   68   25 
   1    9   21    5   29   17   13   69   68   25 
   1    9   21    5   29   17   13   69   68   25 
   1    9   21    5   29   17   69   68   25 
   1    9   21    5   29   17   69   68   25 
   1   21    9    5   29   17   69   68   25 
   1    9   21    5   29   17   69   68   25 
   1    9   21    5   29   17   69   68   25 
   1    9   21    5   29   17   69   68   25 
   1    9   21    5   29   17   69   68   25 
   1    9   21    5   29   17   69   68   25 
   1    9   21    5   29   17   69   68   25 
   1   21    9    5   29   17   69   68   25 
   1   21    9    5   29   17   13   69   68   25 
   1   21    9    5   29   17   13   69   68   25 
   1   21    9    5   29   17   13   69   68   25 
   1   21    9    5   29   17   13   69   68   25 
   1   21    9    5   29   17   13   69   68   25 
   1   21    9    5   29   17   13   69   68   25 
   1   21    9    5   29   17   13   69   68   25 
   1   21    9    5   29   17   13   69   68   25 
   1   21    9    5   29   17   13   69   68   25 
   1   21    9    5   29   17   13   69   68   25 
   1   21    9    5   29   17   13   69   68   25 
   1   21    9    5   29   17   13   69   68   25 
   1   21    9    5   29   17   13   69   68   25 
   1   21    9    5   29   17   13   69   68   25 
   1   21    9    5   29   17   13   69   68   25 
   1   21    9    5   29   17   13   69   68   25 
   1   21    9    5   29   17   13   69   68   25 
   1   21    9    5   29   17   13   69   68   25 
   1   21    9    5   29   17   13   69   68   25 
   1    9   21    5   29   17   13   69   68   25 
   1    9   21    5   29   17   13   69   68   25 
   1    9   21    5   29   17   13   69   68   25 
   1    9   21    5   29   17   13   69   68   25 
   1    9   21    5   29   17   13   69   68   25 
   1    9   21    5   29   17   13   69   68   25 
   1    9   21    5   29   17   13   69   68   25 
   1    9   21    5   29   17   13   69   68   25 
   1    9   21    5   29   17   13   69   68   25 
   1    9   21    5   29   17   13   69   68   25 
   1    9   21    5   29   17   13   69   68   25 
   1    9   21    5   29   17   13   69   68   25 
   1    9   21    5   29   17   13   69   68   25 
   1    9   21    5   29   17   13   69   68   25 
   1    9   21    5   29   17   13   69   68   25 
   1    9   21    5   29   17   13   69   68   25 
   1    9   21    5   29   17   13   69   68   25 
   1    9   21    5   29   17   13   69   68   25 
   1   21    9    5   29   17   13   69   68   25 
   1   21    9    5   29   17   13   69   68   25 
   1   21    9    5   29   17   13   69   68   25 
   1   21    9    5   29   17   13   69   68   25 
   1   21    9    5   29   17   13   69   68   25 
   1   21    9    5   29   17   13   69   68   25 
   1   21    9    5   29   17   13   69   68   25 
   1   21    9    5   29   17   13   69   68   25 
   1   21    9    5   29   17   13   69   68   25 
   1   21    9    5   29   17   69   13   68   25 
   1   21    9    5   29   17   69   13   68   25 
   1   21    9    5   29   17   69   13   68   25 
   1   21    9    5   29   17   69   13   68   25 
   1   21    9    5   29   17   69   13   68   25 
   1   21    9    5   29   17   69   13   68   25 
   1   21    9    5   29   17   69   13   68   25 
   1    9   21    5   29   17   69   13   68   25 
   1   21    9    5   29   17   69   13   68   25 
   1    9   21    5   29   17   69   13   68   25 
   1   21    9    5   29   17   13   69   68   25 
   1    9   21    5   29   17   69   13   68   25 
   1   21    5    9   29   17   13   69   68   25 
   1    9   21    5   29   17   13   69   68   25 
   1    9   21    5   29   17   13   69   68   25 
   1    9   21    5   29   17   13   69   68   25 
   1    9   21    5   29   17   13   69   68   25 
   1    9   21    5   29   17   13   69   68   25 
   1    9   21    5   29   17   13   69   68   25 
   1    9   21    5   29   17   13   69   68   25 
   1    9   21    5   29   17   13   69   68   25 
   1    9   21    5   29   17   13   69   68   25 
   1    9   21    5   29   17   13   69   68   25 
   1    9   21    5   29   17   13   69   68   25 
   1    9   21    5   29   17   13   69   68   25 
   1    9   21    5   29   17   13   69   68   25 
   1    9    5   21   29   17   13   69   68   25 
   1    9    5   21   29   17   69   13   68   25 
   1    9    5   21   29   17   69   13   68   25 
   1    9    5   21   29   17   69   13   25   68 
   1    9    5   21   29   17   69   13   25   68 
   1    9    5   21   29   17   69   13   25   68 
   1    9    5   21   29   17   69   13   25   68 
   1    9   21    5   29   69   13   25   68 
   1    9   21    5   29   69   13   25   68 
   1    9   21    5   29   69   13   25   68 
   1    9   21    5   29   69   13   25   68 
   1    9   21    5   29   69   13   25   68 
   1    9    5   21   29   69   13   25   68 
   1    9   21    5   29   69   13   25   68 
   1    9   21    5   29   69   13   25   68 
   1    9   21    5   29   69   13   25   68 
   1    9   21    5   29   69   13   25   68 
   1    9   21    5   29   69   13   25   68 
   1    9   21    5   29   69   13   25   68 
   1    9   21    5   29   69   13   25   68 
   1    9   21    5   29   69   13   25   68 
   1    9   21    5   29   69   13   25   68 
   1    9   21    5   29   69   13   25   68 
   1    9   21    5   29   69   13   25   68 
   1   21    9    5   29   69   13   25   68 
   1   21    9    5   29   69   13   68   25 
   1   21    9    5   29   69   13   68   25 
   1   21    9    5   29   69   13   68   25 
   1   21    9    5   29   69   13   68   25 
   1   21    9    5   29   69   13   68   25 
   1   21    9    5   29   69   13   68   25 
   1   21    9    5   29   69   13   68   25 
   1   21    9    5   29   69   13   68   25 
   1   21    9    5   29   69   13   68   25 
   1   21    9    5   29   69   13   68   25 
   1   21    9    5   29   69   13   68   25 
   1   21    9    5   29   69   13   68   25 
   1   21    9    5   29   69   13   68   25 
   1   21    9    5   29   69   13   68   25 
   1   21    9    5   29   69   13   68   25 
   1   21    9    5   29   69   13   68   25 
   1   21    9    5   29   69   13   68   25 
   1   21    9    5   29   69   13   68   25 
   1   21    9    5   29   69   68   25   13 
   1   21    9    5   29   69   68   25   13 
   1   21    9    5   29   69   68   25   13 
   1   21    9    5   29   69   68   25   13 
   1   21    9    5   29   69   68   25   13 
   1   21    9    5   29   69   25   68   13 
   1   21    9    5   29   69   25   68   13 
   1   21    9    5   29   69   25   68   13 
   1   21    9    5   29   69   25   68   13 
   1   21    9    5   29   69   25   68   13 
   1   21    9    5   29   69   68   25   13 
   1   21    9    5   29   69   25   68   13 
   1   21    5    9   29   69   68   25   13 
   1   21    9    5   29   69   25   68   13 
   1   21    9    5   29   69   25   68   13 
   1   21    5    9   29   69   68   25   13 
   1   21    5    9   29   69   68   25   13 
   1   21    5    9   29   69   68   25   13 
   1   21    5    9   29   69   68   25   13 
   1   21    5    9   29   69   68   25   13 
   1   21    9    5   29   69   68   25   13 
   1   21    5    9   29   69   68   25   13 
   1   21    9    5   29   69   68   25   13 
   1   21    5    9   29   69   13   68   25 
   1    9    5   21   29   69   13   68   25 
   1    5   21    9   29   69   13   68   25 
   1    9    5   21   29   69   13   68   25 
   1    9    5   21   29   69   13   68   25 
   1    9    5   21   29   69   13   68   25 
   1    9    5   21   29   69   13   68   25 
   1    9    5   21   29   69   13   68   25 
   1    9    5   21   29   69   13   68   25 
   1    9    5   21   29   69   13   68   25 
   1    9    5   21   29   69   13   68   25 
   1    9    5   21   29   69   13   68   25 
   1    9    5   21   29   69   13   68   25 
   1    9    5   21   29   69   68   13   25 
   1    9    5   21   29   69   68   25   13 
   1    9    5   21   29   69   68   25   13 
   1    9    5   21   29   69   68   25   13 
   1    9    5   21   29   69   68   25   13 
   1    5    9   21   29   69   13   68   25 
   1    9    5   21   29   69   25   68   13 
   1    9    5   21   29   69   25   68   13 
   1    5    9   21   29   69   25   68   13 
   1    5    9   21   29   69   25   68   13 
   1    5    9   21   29   69   25   68   13 
   1    9    5   21   29   69   25   68   13 
   1    5    9   21   29   69   68   25   13 
   1    9    5   21   29   69   25   68   13 
   1    5    9   21   29   69   68   25   13 
   1    9    5   21   29   69   25   68   13 
   1    5    9   21   29   69   13   68   25 
   1    5    9   21   29   69   13   68   25 
   1    5   21    9   29   69   13   68   25 
   1    5   21    9   29   69   13   68   25 
   1    5   21    9   29   69   13   68   25 
   1    5   21    9   29   69   13   68   25 
   1    5   21    9   29   69   13   68   25 
   1    5   21    9   29   69   13   68   25 
   1    5   21    9   29   69   13   68   25 
   1    5   21    9   29   69   13   68   25 
   1    5   21    9   29   69   13   68   25 
   1   21    5    9   29   69   13   68   25 
   1    5   21    9   29   69   13   68   25 
   1   21    5    9   29   69   13   68   25 
   1   21    5    9   29   69   13   68   25 
   1   21    5    9   29   69   13   68   25 
   1   21    5    9   29   69   13   68   25 
   1   21    5    9   29   69   13   68   25 
   1   21    5    9   29   69   13   68   25 
   1   21    5    9   29   69   13   68   25 
   1   21    5    9   29   69   13   68   25 
   1   21    5    9   29   69   13   68   25 
   1   21    9    5   29   69   13   68   25 
   1   21    9    5   29   69   13   68   25 
   1   21    9    5   29   69   13   68   25 
   1    9   21    5   29   69   13   68   25 
   1    9   21    5   29   69   13   68   25 
   1    9   21    5   29   69   13   68   25 
   1    9   21    5   29   69   13   68   25 
   1    9   21    5   29   69   13   68   25 
   1    9   21    5   29   69   13   68   25 
   1    9   21    5   29   69   13   68   25 
   1    9   21    5   29   69   13   68   25 
   1    9   21    5   29   69   13   68   25 
   1    9   21    5   29   69   13   68   25 
   1    9    5   21   29   69   68   13   25 
   1    9    5   21   29   69   68   25   13 
   1    9    5   21   29   69   68   25   13 
   1    9    5   21   29   69   68   25   13 
   1    9    5   21   29   69   68   25   13 
   1    9    5   21   29   69   68   25   13 
   1    5    9   21   29   69   68   25   13 
   1    5    9   21   29   69   68   25   13 
   1    5    9   21   29   69   68   25   13 
   1    5    9   21   29   69   68   25   13 
   1    5    9   21   29   69   68   25   13 
   1    5    9   21   29   69   13   68   25 
   1    5    9   21   29   69   13   68   25 
   1    5    9   21   29   69   13   68   25 
   1    5   21    9   29   69   68   13   25 
   1    5   21    9   29   69   68   13   25 
   1   21    9    5   29   69   13   68   25 
   1   21    9    5   29   69   13   68   25 
   1    9   21    5   29   69   13   68   25 
   1   21    9    5   29   69   13   68   25 
   1    9   21    5   29   69   13   68   25 
   1   21    5    9   29   69   13   68   25 
   1    9   21    5   29   69   68   13   25 
   1    9   21    5   29   69   68   13   25 
   1    9    5   21   29   69   13   68   25 
   1    9   21    5   29   69   13   68   25 
   1    9   21    5   29   69   13   68   25 
   1    9   21    5   29   69   13   68   25 
   1    9   21    5   29   69   13   68   25 
   1    9   21    5   29   69   13   68   25 
   1    9   21    5   29   69   68   25   13 
   1    9   21    5   29   69   68   25   13 
   1    9   21    5   29   69   68   25   13 
   1    9   21    5   29   69   68   25   13 
   1    9   21    5   29   69   68   25   13 
   1    9    5   21   29   69   68   25   13 
   1    9    5   21   29   69   68   25   13 
   1    5   21    9   29   69   13   68   25 
   1    9    5   21   29   69   25   68   13 
   1    5   21    9   29   69   13   68   25 
   1    9    5   21   29   69   13   25   68 
   1   21    5    9   29   69   13   68   25 
   1    5   21    9   29   69   13   68   25 
   1    5   21    9   29   69   13   68   25 
   1    5   21    9   29   69   13   68   25 
   1    5   21    9   29   69   13   68   25 
   1    5   21    9   29   69   13   68   25 
   1    5   21    9   29   69   13   68   25 
   1    5   21    9   29   69   13   68   25 
   1    5   21    9   29   69   13   68   25 
   1    5   21    9   29   69   13   68   25 
   1    5   21    9   29   69   13   68   25 
   1    5   21    9   29   69   13   68   25 
   1    5   21    9   29   69   13   68   25 
   1    5   21    9   29   69   13   68   25 
   1    5   21    9   29   69   13   68   25 
   1    5   21    9   29   69   13   68   25 
   1    5   21    9   29   69   13   68   25 
   1    5   21    9   29   69   13   68   25 
   1    5   21    9   29   69   13   68   25 
   1    5   21    9   29   69   13   68   25 
   1    5   21    9   29   69   13   68   25 
   1    5   21    9   29   69   13   68   25 
   1    5   21    9   29   69   13   68   25 
   1    5   21    9   29   69   13   68   25 
   1   21    5    9   29   69   13   68   25 
   1   21    9    5   29   69   13   68   25 
   1   21    9    5   29   69   13   68   25 
   1    9   21    5   29   69   13   68   25 
   1    9   21    5   29   69   13   68   25 
   1    9   21    5   29   69   13   68   25 
   1    9   21    5   29   69   13   68   25 
   1   21    9    5   29   69   13   68   25 
   1    9   21    5   29   69   13   68   25 
   1   21    9    5   29   69   13   68   25 
   1    9   21    5   29   69   13   68   25 
   1    9   21    5   29   69   13   68   25 
   1    9   21    5   29   69   13   68   25 
   1    9   21    5   29   69   13   68   25 
   1    9   21    5   29   69   13   68   25 
   1    9   21    5   29   69   13   68   25 
   1    9   21    5   29   69   13   68   25 
   1    9   21    5   29   69   13   68   25 
   1    9   21    5   29   69   13   68   25 
   1    9   21    5   29   69   13   68   25 
   1    9   21    5   29   69   13   68   25 
   1   21    9    5   29   69   13   68   25 
   1    9   21    5   29   69   13   68   25 
   1   21    9    5   29   13   69   68   25 
   1    9    5   21   29   69   13   72   68   25 
   1    5   21    9   29   13   69   68   25 
   1    5   21    9   29   13   72   69   68   25 
   1    5   21    9   29   13   72   69   68   25 
   1    5   21    9   29   13   72   69   68   25 
   1    5   21    9   29   13   72   69   68   25 
   1   21    5    9   29   13   72   69   68   25 
   1   21    5    9   29   13   72   69   68   25 
   1    5   21    9   29   13   72   69   68   25 
   1    5   21    9   29   13   72   69   68   25 
   1    5   21    9   29   13   72   69   68   25 
   1    5   21    9   29   13   72   69   68   25 
   1   21    5    9   29   72   13   69   68   25 
   1    5   21    9   29   72   13   69   68   25 
   1    5   21    9   29   72   13   69   68   25 
   1    5   21    9   29   72   13   69   68   25 
   1    5   21    9   29   72   13   69   68   25 
   1    5   21    9   29   72   13   69   68   25 
   1    5   21    9   29   72   13   69   68   25 
   1   21    5    9   29   72   13   69   68   25 
   1   21    9    5   29   72   13   69   68   25 
   1    9   21    5   29   72   13   69   68   25 
   1   21    9    5   29   72   13   69   68   25 
   1   21    9    5   29   72   13   69   68   25 
   1   21    9    5   29   72   13   69   68   25 
   1   21    9    5   29   72   13   69   68   25 
   1   21    9    5   29   72   13   69   68   25 
   1   21    9    5   29   72   13   69   68   25 
   1   21    9    5   29   72   13   69   68   25 
   1   21    9    5   29   72   13   69   68   25 
   1   21    9    5   29   72   13   69   68   25 
   1   21    9    5   29   72   13   69   68   25 
   1   21    9    5   29   72   13   69   68   25 
   1    9   21    5   29   72   13   69   68   25 
   1   21    9    5   29   72   13   69   68   25 
   1   21    9    5   29   72   13   69   68   25 
   1   21    9    5   29   72   13   69   68   25 
   1   21    9    5   29   72   13   69   68   25 
   1   21    9    5   29   72   13   69   68   25 
   1   21    9    5   29   72   13   69   68   25 
   1   21    9    5   29   72   13   69   68   25 
   1   21    9    5   29   72   13   69   68   25 
   1   21    9    5   29   72   13   69   68   25 
   1   21    9    5   29   72   13   69   68   25 
   1   21    9    5   29   72   13   69   68   25 
   1   21    9    5   29   72   13   69   68   25 
   1   21    9    5   29   72   13   69   68   25 
   1   21    5    9   29   72   13   69   68   25 
   1   21    5    9   29   72   13   69   68   25 
   1    5    9   21   29   72   13   69   68   25 
   1    5   21    9   29   72   13   69   68   25 
   1    5   21    9   29   72   13   69   68   25 
   1    9    5   21   29   72   13   69   68   25 
   1   21    5    9   29   72   13   69   68   25 
   1   21    5    9   29   72   13   69   68   25 
   1    9    5   21   29   72   13   69   68   25 
   1    5   21    9   29   72   13   69   68   25 
   1    9    5   21   29   72   13   69   68   25 
   1    9    5   21   29   72   13   69   68   25 
   1    5   21    9   29   72   13   69   68   25 
   1    9    5   21   29   72   13   69   68   25 
   1    9    5   21   29   72   13   69   68   25 
   1   21    5    9   29   72   13   69   68   25 
   1    9    5   21   29   72   13   69   68   25 
   1    9    5   21   29   72   13   69   68   25 
   1    9    5   21   29   72   13   69   68   25 
   1    9    5   21   29   72   13   69   68   25 
   1    9    5   21   29   72   13   69   68   25 
   1    9    5   21   29   72   13   69   68   25 
   1    9    5   21   29   72   13   69   68   25 
   1    5    9   21   29   72   13   69   68   25 
   1    9    5   21   29   72   13   69   68   25 
   1   21    5    9   29   72   13   69   68   25 
   1    5    9   21   29   72   13   69   68   25 
   1    9    5   21   29   72   13   69   68   25 
   1    9    5   21   29   72   13   69   68   25 
   1    9    5   21   29   72   13   69   68   25 
   1    9    5   21   29   72   13   69   68   25 
   1    9    5   21   29   72   13   69   68   25 
   1    5    9   21   29   72   13   69   68   25 
   1    9    5   21   29   72   13   69   68   25 
   1    9    5   21   29   72   13   69   68   25 
   1    9    5   21   29   72   13   69   68   25 
   1    5    9   21   29   72   13   69   68   25 
   1    5    9   21   29   72   13   69   68   25 
   1    5    9   21   29   72   13   69   68   25 
   1    5    9   21   29   72   13   69   68   25 
   1    5    9   21   29   72   13   69   68   25 
   1    5   21    9   29   72   13   69   68   25 
   1    5   21    9   29   72   13   69   68   25 
   1    5   21    9   29   72   13   69   68   25 
   1    5   21    9   29   72   13   69   68   25 
   1   21    5    9   29   72   13   69   68   25 
   1   21    5    9   29   72   13   69   68   25 
   1    9   21    5   29   72   13   69   68   25 
   1    9   21    5   29   72   13   69   68   25 
   1    9   21    5   29   72   13   69   68   25 
   1    9   21    5   29   72   13   69   68   25 
   1    9   21    5   29   72   13   69   68   25 
   1    9   21    5   29   72   13   69   68   25 
   1    9   21    5   29   72   13   69   68   25 
   1    9   21    5   29   72   13   69   68   25 
   1    9   21    5   29   72   13   69   68   25 
   1    9    5   21   29   72   13   69   68   25 
   1   21    5    9   29   72   13   69   68   25 
   1    9    5   21   29   72   13   69   68   25 
   1   21    5    9   29   72   13   69   68   25 
   1    9    5   21   29   72   13   69   68   25 
   1    9    5   21   29   72   13   69   68   25 
   1    9    5   21   29   72   13   69   68   25 
   1    9    5   21   29   72   13   69   68   25 
   1    9    5   21   29   72   13   69   68   25 
   1    9    5   21   29   72   13   69   68   25 
   1    9    5   21   29   72   13   69   68   25 
   1    9    5   21   29   72   13   69   68   25 
   1    9    5   21   29   72   13   69   68   25 
   1    9    5   21   29   72   13   69   68   25 
   1    9    5   21   29   72   13   69   68   25 
   1    5    9   21   29   72   13   69   68   25 
   1    5    9   21   29   72   13   69   68   25 
   1    9    5   21   29   72   13   69   68   25 
   1    9    5   21   29   72   13   69   68   25 
   1    9    5   21   29   72   13   69   68   25 
   1    5    9   21   29   72   13   69   68   25 
   1    5    9   21   29   72   13   69   68   25 
   1    5    9   21   29   72   13   69   68   25 
   1    5    9   21   29   72   13   69   68   25 
   1   21    9    5   29   72   13   69   68   25 
   1   21    9    5   29   72   13   69   68   25 
   1   21    5    9   29   72   13   69   68   25 
   1   21    5    9   29   72   13   69   68   25 
   1    5   21    9   29   72   13   69   68   25 
   1    5   21    9   29   72   13   69   68   25 
   1    9    5   21   29   72   13   69   68   25 
   1    9    5   21   29   72   13   69   68   25 
   1    9    5   21   29   72   13   69   68   25 
   1    9    5   21   29   72   13   69   68   25 
   1    9    5   21   29   72   13   69   68   25 
   1    9    5   21   29   72   13   69   68   25 
   1    9    5   21   29   72   13   69   68   25 
   1    9    5   21   29   72   13   69   68   25 
   1    9    5   21   29   72   13   69   68   25 
   1    9    5   21   29   72   13   69   68   25 
   1    5    9   21   29   72   13   69   68   25 
   1    9    5   21   29   72   13   69   68   25 
   1    9    5   21   29   72   13   69   68   25 
   1    9    5   21   29   72   13   69   68   25 
   1    9    5   21   29   72   13   69   68   25 
   1    5    9   21   29   72   13   69   68   25 
   1    5    9   21   29   72   13   69   68   25 
   1    5    9   21   29   72   13   69   68   25 
   1    5    9   21   29   72   13   69   68   25 
   1    5    9   21   29   72   13   69   68   25 
   1    9    5   21   29   72   13   69   68   25 
   1    9    5   21   29   72   13   69   68   25 
   1    9    5   21   29   72   13   69   68   25 
   1    9    5   21   29   72   13   69   68   25 
   1    9    5   21   29   72   13   69   68   25 
   1    9    5   21   29   72   13   69   68   25 
   1    9    5   21   29   72   13   69   68   25 
   1    9    5   21   29   72   13   69   68   25 
   1    9    5   21   29   72   13   69   68   25 
   1    9    5   21   29   72   13   69   68   25 
   1    9    5   21   29   72   13   69   68   25 
   1    9    5   21   29   72   13   69   68   25 
   1    9    5   21   29   72   13   69   68   25 
   1    9    5   21   29   72   13   69   68   25 
   1    9    5   21   29   72   13   69   68   25 
   1   21    5    9   29   72   13   69   68   25 
   1   21    5    9   29   72   13   69   68   25 
   1    9   21    5   29   72   13   69   68   25 
   1    9   21    5   29   72   13   69   68   25 
   1    9   21    5   29   72   13   69   68   25 
   1    9    5   21   29   72   13   69   68   25 
   1    9    5   21   29   72   13   69   68   25 
   1    5   21    9   29   72   13   69   68   25 
   1    5   21    9   29   72   13   69   68   25 
   1    5    9   21   29   72   13   69   68   25 
   1    5    9   21   29   72   13   69   68   25 
   1    5    9   21   29   72   13   69   68   25 
   1    5    9   21   29   72   13   69   68   25 
   1    9    5   21   29   72   13   69   68   25 
   1    9    5   21   29   72   13   69   68   25 
   1    9    5   21   29   72   13   69   68   25 
