  13   17    5   29    1   21    9    4   60 
  13   17    5   29   21    1    9    4   60 
  13   17    5   29    1   21    9    4   60 
  13   17    5   29    1   21    9    4   60 
  13   17    5   29    1   21    9    4   60 
  13   17    5   29    1   21    9    4   60 
  13   17    5   29    1   21    9    4   60 
  13   17    5   29    1   21    9    4   60 
  13   17    5   29    1   21    9    4   60 
  13   17    5   29    1   21    9    4   60 
  13   17    5   29    1   21    9    4   60 
  13   17    5   29    1   21    9    4   60 
  13   17    5   29    1   21    9    4   60 
  13   17    5   29    1   21    9    4   60 
  13   17    5   29    1   21    9    4   60 
  13   17    5   29   21    1    9    4   60 
  13   17    5   29   21    1    9    4   60 
  13   17    5   29   21    1    9    4   60 
  13   17    5   29   21    1    9    4   60   61 
  13   17    5   29   21    1    9    4   60   61 
  13   17    5   29   21    1    9    4   60   61 
  13   17    5   29   21    1    9    4   60   61 
  13   17    5   29   21    1    9    4   60   61 
  13   17    5   29   21    1    9    4   60   61 
  13   17    5   29   21    1    4    9   60   61 
  13   17    5   29   21    1    4    9   60   61 
  13   17    5   29   21    1    4    9   60   61 
  13   17    5   29   21    1    4    9   60   61 
  13   17    5   29   21    1    4    9   60   61 
  13   17    5   29   21    1    4    9   60   61 
  13   17    5   29   21    1    4   60    9   61 
  13   17    5   29   21    1    4   60    9   61 
  13   17    5   29   21    1    4   60    9   61 
  13   17    5   29   21    1    4   60    9   61 
  13   17    5   29   21    1    4   60    9   61 
  13   17    5   29   21    1    4   60    9   61 
  13   17    5   29   21    1    4   60    9   61 
  13   17    5   29   21    1    4   60    9   61 
  13   17    5   29   21    1    4   60    9   61 
  13   17    5   29   21    1    4   60    9   61 
  13   17    5   29   21    1    4   60    9   61 
  13   17    5   29   21    1    4   60    9   61 
  13   17    5   29   21    1    4   60    9   61 
  13   17    5   29   21    1    4    9   60   61 
  13   17    5   29   21    1    4   60    9   61 
  13   17    5   29   21    1    4    9   60   61 
  13   17    5   29   21    1    4    9   60   61 
  13   17    5   29   21    1    4    9   60   61 
  13   17   29    5   21    1    4    9   60   61 
  13   17   29    5   21    1    4    9   60   61 
  13   17   29   21    5    1    4    9   60   61 
  13   17   29   21    5    1    4    9   60   61 
  13   17   29    5   21    1    4   60    9   61 
  13   17   21   29    5    1    4   60    9   61 
  13   17    5   29   21    1    4   60    9   61 
  13   17   29   21    5    1    4   60    9   61 
  13   17   21   29    5    1    4   60    9   61 
  13   17   21   29    5    1    4   60    9   61 
  13   17   21   29    5    1    4   60    9   61 
  13   17   21    5   29    1    4   60    9   61   64 
  13   17   21    5   29    1    4   60    9   61   64 
  13   17    5   21   29    1    4   60    9   61   64 
  13   17    5   21   29    1    4   60    9   61   64 
  13   17    5   21   29    1    4   60    9   61   64 
  13   17    5   21   29    1    4   60    9   61   64 
  13   17    5   21   29    1    4   60    9   61   64 
  13   17    5   21   29    1    4   60    9   61   64 
  13   17    5   21   29    1    4   60    9   61   64 
  13   17    5   21   29    1    4   60    9   61   64 
  13   17    5   21   29    1    4    9   60   61   64 
  13   17    5   21   29    1    4    9 
  13   17    5   21   29    1    4    9 
  13   17    5   21   29    1    4    9 
  13   17   21    5   29    1    9    4 
  13   17   21    5   29    1    9    4 
  13   17   21    5   29    1    9    4 
  13   17   21    5   29    1    9    4 
  13   17   21    5   29    1    9    4 
  13   17   21   29    5    1    9    4 
  13   17   21   29    5    1    9    4 
  13   17   21   29    5    1    9    4 
  13   17   21   29    5    1    9    4 
  13   17   21   29    5    1    9    4 
  13   17   21    5   29    1    9    4 
  13   17   21    5   29    1    9    4 
  13   17   21    5   29    1    9    4 
  13   17   21    5   29    1    9    4 
  13   17   21    5   29    1    9    4 
  13   17   21    5   29    1    9    4 
  13   17   21    5   29    1    9    4 
  13   17   21    5   29    1    9    4 
  13   17   21    5   29    1    9    4 
  13   17   21    5   29    1    9    4 
  13   17   21    5   29    1    9    4 
  13   17   21    5   29    1    9    4 
  13   17   21    5   29    1    9    4 
  13   17   21    5   29    1    9    4 
  13   17   21    5   29    1    9    4 
  13   17   21    5   29    1    9    4 
  13   17    5   21   29    1    9    4 
  17   13    5   21   29    1    9    4 
  17   13    5   21   29    1    9    4 
  17   13    5   21   29    1    9 
  17   13    5   21   29    1    9 
  17   13    5   21   29    1    9   60 
  17   13    5   21   29    1    9   60 
  17   13    5   21   29    1    9   60 
  17   13    5   29   21    1    9   60 
  17   13    5   29   21    1    9   60 
  13   17    5   29   21    1    9   60 
  13   17    5   29   21    1    9   60 
  13   17    5   29   21    1    9   60 
  13   17    5   29   21    1    9   60 
  13   17    5   29   21    1    9   60 
  13   17    5   29   21    1    9   60 
  13   17    5   29   21    1   60    9 
  13   17    5   29   21    1   60    9 
  13   17    5   29   21    1   60    9 
  13   17    5   29   21    1   60    9 
  17   13    5   29   21    1   60    9 
  17   13   29    5   21    1   60    9 
  17   13   29    5   21    1   60    9 
  17   13   29    5   21    1   60    9 
  17   13   29    5   21    1   60    9 
  17   13   29    5   21    1    9   60 
  17   13   29    5   21    1    9   60 
  17   13   29    5   21    1    9   60 
  13   17   29    5   21    1    9   60 
  13   17   29    5   21    1    9   60 
  13   17   29    5   21    1    9   60 
  13   17   29    5   21    1    9   60 
  13   17   29    5   21    1    9   60 
  13   17   29    5   21    1    9   60 
  13   17   29    5   21    1    9   60 
  13   17   29    5   21    1   60    9 
  13   17   29    5   21    1   60    9 
  13   17   29    5   21   60    1    9 
  13   17   29    5   21   60    1    9 
  13   17   29    5   21   60    1    9 
  13   17   29    5   21   60    9    1 
  13   17   29    5   21   60    1    9 
  13   17   29    5    9   21   60    1 
  13   17   29    5   21   60    1    9 
  13   17   29    5   21   60    1    9 
  17   13   29    5   21   60    1    9 
  17   13   29    5   21   60    1    9 
  17   13   29    5   21   60    1    9 
  17   13   29    5   21   60    1    9 
  17   29   13    5   21   60    1    9 
  17   29   13    5   21   60    1    9 
  29   17   13    5   21   60    1    9 
  29   17   13    5   21   60    1    9 
  29   17   13    5   21    1   60    9 
  29   17   13    5   21    1    9   60 
  29   17   13    5   21    1    9   60 
  29   17   13    5   21    1    9   60 
  29   17    5   13   21    1    9   60 
  29   17    5   13   21    1    9   60 
  29   17    5   13   21    1    9   60 
  29   17    5   13   21    1    9   60 
  29   17   13    5   21   60    1    9 
  17   29   13    5   21   60    1    9 
  17   29   13    5   21   60    1    9 
  17   29   13    5   21   60    9    1 
  17   29   13    5   21   60    1    9 
  17   29   13    5   60   21    9    1 
  17   13   29    5   60   21    1    9 
  17   13   29    5   60   21    9    1 
  13   17   29    5   60   21    9    1 
  13   17   29    5   60   21    9    1 
  13   17   29    5   60   21    9    1 
  13   17   29    5   60   21    9    1 
  13   17   29    5   60   21    9    1 
  13   17   29   60    5   21    9    1 
  13   17   29   60    5   21    9    1 
  13   17   29   60    5    9   21    1 
  13   17   29   60    5   21    9    1 
  13   17   29   60    5    9   21    1 
  13   17   29   60    5   21    9    1 
  13   17   29   60    5   21    9    1 
  13   17   29   60    5   21    9    1 
  13   17   29   60    5   21    9    1 
  13   17   29   60    5   21    9    1 
  13   17   29   60    5   21    9    1 
  13   17   29   60    5   21    9    1 
  13   17   60   29    5   21    9    1 
  13   17   60   29    5    9   21    1 
  13   17   60   29    5   21    9    1 
  13   60   17   29    5   21    9    1 
  13   60   17   29    5   21    9    1 
  60   13   17   29    5   21    9    1 
  60   13   17   29    5   21    9    1 
  60   13   17   29    5   21    9    1 
  60   13   17   29    5   21    9    1 
  60   13   17   29    5   21    9    1 
  60   13   17   29    5   21    9    1 
  60   13   17   29    5   21    9    1 
  60   13   17   29    5   21    9    1 
  60   13   17   29    5 
  60   13   17   29    5 
  60   13   17   29    5 
  60   13   17   29    5 
  60   13   17   29    5 
  60   17   13   29    5 
  60   17   13   29    5 
  60   17   13   29    5 
  60   17   13   29    5 
  60   17   13   29    5 
  60   17   13   29    5 
  60   17   13   29    5 
  60   17   29   13    5 
  60   17   29   13    5 
  60   17   29   13    5 
  60   17   29   13    5 
  60   17   29   13    5 
  60   17   29   13    5 
  60   17   29   13    5 
  60   17   29   13    5 
  60   17   29   13    5 
  60   17   29   13    5 
  60   17   29   13    5 
  60   17   29   13    5   61 
  60   17   13   29    5   61 
  60   17   13   29    5   61 
  60   17   13   29    5   61 
  60   17   13   29    5   61 
  60   17   13   29    5   61 
  60   17   13   29   61    5 
  60   17   13   29   61    5 
  60   17   13   29   61    5 
  60   17   13   29   61    5 
  60   17   13   29   61    5 
  60   17   13   29   61    5 
  60   17   13   29   61    5 
  60   17   13   29   61    5 
  60   17   13   29   61    5 
  60   17   13   29   61    5 
  60   17   13   29   61    5 
  60   17   13   29   61    5 
  60   17   13   61   29    5 
  60   17   13   61   29   65    5 
  60   17   13   61   29   65    5 
  60   17   13   61   29   65    5 
  60   17   13   61   65   29    5 
  60   17   13   61   65   29    5 
  60   17   13   61   65   29    5 
  60   17   61   65 
  60   17   61   65 
  60   17   61   65 
  60   17   61   65 
  60   17   61   65 
  60   17   61   65 
  60   17   61   65 
  60   17   61   65 
  60   17   61   65 
  60   17   61   65 
  60   17   61   65 
  60   17   61   65 
  60   17   61   65 
  60   17   61   65 
  60   17   61   65 
  60   17   61   65 
  60   17   61   65 
  60   17   61   65 
  60   17   61   65 
  60   17   61   65 
  60   17   61   65 
  60   17   61   65 
  60   17   65   61 
  60   17   65   61 
  60   17   65   61 
  60   17   65   61 
  60   61   65   17 
  60   61   65   17 
  60   61   65   17 
  60   61   65   17 
  60   61   65   17 
  60   61   65   17 
  61   60   65   17 
  61   65   60   17 
  61   65   60   17 
  61   65   60   17 
  61   65   60   17 
  61   65   60   17 
  61   65   60   17 
  61   65   60   17 
  61   65   60   17 
  61   65   60   17 
  61   65   60   17 
  61   65   60   17 
  61   65   60   17 
  61   65   60   17   64 
  61   65   60   17   64 
  61   65   60   17   64 
  61   65   60   17   64 
  61   65   17   60   64 
  61   65   17   60   64 
  61   65   17   60 
  61   65   17   60 
  61   65   17   60   64 
  61   65   17   60   64 
  61   65   17   60   64 
  61   65   17   60   64 
  61   65   17   60   64 
  61   65   17   60   64 
  61   65   17   60   64 
  61   65   17   60   64 
  61   65   17   60   64 
  61   65   17   60   64 
  65   61   17   60   64 
  65   61   17   60   64 
  65   61   17   60   64 
  65   61   17   60   64 
  65   61   17   60   64 
  65   61   17   60   64 
  65   61   17   64   60 
  65   61   64   17   60 
  65   61   64   17   60 
  65   61   64   17   60 
  65   61   64   17   60 
  65   61   64   17   60 
  65   61   64   17   60 
  65   61   64   17   60 
  65   61   64   17   60 
  65   61   64   17   60 
  65   61   64   17   60 
  65   61   64   17   60 
  65   64   61   17   60 
  65   64   61   17   60 
  65   64   61   17   60 
  65   64   61   17   60 
  65   64   61   17   60 
  65   64   61   17   60 
  65   64   61   17   60 
  65   64   61   17   60 
  65   64   61   17   60 
  65   64   61   17   60 
  65   64   61   17   60 
  65   64   61   17   60 
  65   64   61   17   60 
  65   64   61   17   60 
  65   64   61   17   60 
  65   64   61   17   60 
  65   64   61   17   60 
  65   64   61   17   60 
  65   64   61   17   60 
  65   64   61   17   60 
  65   64   61   17   60 
  65   64   61   17   60 
  65   64   61   17   60 
  65   64   61   17   60 
  65   64   61   17   60 
  65   64   61   17   60 
  65   64   61   17   60 
  65   64   61   17   60 
  65   64   61   17   60 
  65   64   61   17   60 
  65   64   61   17   60 
  65   64   61   17   60 
  65   64   61   17   60 
  65   64   61   17   60 
  65   64   61   17   60 
  65   64   61   17   60 
  65   64   61   17   60 
  65   64   61   17   60 
  65   64   61   17   60 
  65   64   61   17   60 
  65   64   61   17   60 
  65   64   61   17   60 
  65   64   61   17   60 
  65   64   61   17   60 
  65   64   61   17   60 
  65   64   61   17   60 
  65   64   61   17   60 
  65   64   61   17   60 
  65   64   61   17   60 
  65   64   61   17   60 
  65   64   61   17   60 
  65   64   61   17   60 
  65   64   61   17   60 
  65   64   17   61   60 
  65   64   17   61   60 
  65   64   17   61   60 
  65   64   17   61   60 
  65   64   17   61   60 
  65   64   17   61   60 
  65   64   17   61   60 
  65   64   17   61   60 
  65   64   17   61   60 
  65   64   17   61   60 
  65   64   17   61   60 
  65   64   17   61   60 
  65   64   17   61   60 
  65   64   17   61   60 
  65   64   17   61   60 
  65   64   17   61   60 
  65   64   17   61   60 
  65   64   17   61   60 
  65   64   17   61   60 
  65   64   17   61   60 
  65   64   17   61   60 
  65   64   17   61   60 
  65   64   17   61   60 
  65   64   17   61   60 
  65   64   17   61   60 
  65   64   17   61   60 
  64   65   17   61   60 
  64   65   17   61   60 
  64   65   17   61   60 
  64   65   17   61   60 
  64   65   17   61   60 
  64   65   17   61   60 
  64   65   17   61   60 
  64   65   17   61   60 
  64   65   17   61   60 
  64   65   17   61   60 
  64   65   17   61   60 
  64   65   17   61   60 
  64   65   17   61   60 
  64   65   17   61   60 
  64   65   17   61   60 
  64   65   17   61   60 
  64   65   17   61   60 
  64   65   17   61   60 
  64   65   17   61   60 
  64   65   17   61   60 
  64   65   17   61   60 
  64   65   17   61   60 
  64   17   65   61   60 
  64   17   65   61   60 
  64   17   65   61   60 
  64   17   65   61   60 
  64   17   65   61   60 
  64   17   65   61   60 
  64   17   65   61   60 
  64   17   65   61   60 
  64   17   65   61   60 
  64   17   65   61   60 
  64   17   65   61   60 
  64   17   65   61   60 
  64   17   65   61   60 
  64   17   65   61   60 
  64   17   65   61   60 
  64   17   65   61   60 
  64   17   65   61   60 
  64   17   65   61   60 
  64   17   65   61   60 
  64   17   65   61   60 
  64   17   65   61   60 
  64   17   65   61   60 
  64   65   17   61   60 
  64   65   17   61   60 
  64   65   17   61   60 
  64   17   65   61   60 
  64   17   65   61   60 
  64   17   65   61   60 
  64   17   65   61   60 
  64   17   65   61   60 
  64   17   65   61   60 
  64   17   65   61   60 
  64   17   65   61   60 
  64   17   65   61   60 
  64   17   65   61   60 
  64   17   65   61   60 
  64   17   65   61   60 
  64   17   65   61   60 
  64   17   65   61   60 
  64   17   65   61   60 
  64   17   65   61   60 
  64   17   65   61   60 
  64   17   65   61   60 
  64   17   65   61   60 
  64   17   65   61   60 
  64   17   65   61   60 
  64   17   65   61   60 
  64   17   65   61   60 
  64   65   17   61   60 
  64   65   17   61   60 
  64   65   17   61   60 
  64   65   17   61   60 
  64   17   65   61   60 
  64   17   65   61   60 
  64   65   17   61   60 
  64   65   17   61   60 
  64   65   17   61   60 
  64   65   17   61   60 
  64   65   17   61   60 
  64   65   17   61   60 
  64   65   17   61   60 
  64   17   65   61   60 
  64   17   65   61   60 
  64   17   65   61   60 
  64   17   65   61   60 
  64   65   17   61   60 
  64   65   17   61   60 
  64   65   17   61   60 
  64   17   65   61   60 
  64   17   65   61   60 
  64   65   17   61   60 
  64   65   17   61   60 
  64   65   17   61   60 
  64   65   17   61   60 
  64   65   17   61   60 
  64   65   17   61   60 
  64   65   17   61   60 
  64   65   61   17   60 
  64   65   61   17   60 
  64   65   61   17   60 
  64   61   65   17   60 
  64   61   65   17   60 
  64   65   61   17   60 
  64   65   61   17   60 
  64   61   65   17   60 
  64   61   65   17   60 
  64   61   65   17   60 
  64   65   61   17   60 
  64   65   61   17   60 
  64   61   65   17   60 
  64   61   65   17   60 
  64   61   65   17   60 
  64   65   61   17   60 
  64   65   61   17   60 
  64   61   65   17   60 
  64   61   65   17   60 
  64   65   61   17   60 
  64   61   65   17   60 
  64   61   65   17   60 
  64   65   61   17   60 
  64   65   61   17   60 
  64   61   65   17   60 
  64   65   61   17   60 
  64   61   65   17   60 
  64   65   17   61   60 
  64   65   61   60   17 
  64   65   61   60   17 
  64   65   61   60   17 
  64   65   61   60   17 
  64   65   61   60   17 
  64   65   61   60   17 
  64   65   61   60   17 
  64   65   61   60   17 
  64   65   61   60   17 
  64   65   61   60   17 
  64   65   61   60   17 
  64   65   61   60   17 
  64   60   65   61   17 
  64   60   65   61   17 
  64   60   61   65   17 
  64   60   61   65   17 
  64   60   65   61   17 
  64   60   65   61   17 
  64   60   61   65   17 
  64   60   61   65   17 
  64   60   61   65   17 
  64   60   65   61   17 
  64   60   61   65   17 
  64   60   65   17   61 
  64   60   61   17   65 
  60   64   65   17   61 
  60   64   65   17   61 
  60   64   65   17   61 
  60   64   65   17   61 
  60   64   65   17   61 
  60   64   65   17   61 
  60   65   64   17   61 
  60   65   64   17   61 
  60   65   64   17   61 
  60   65   64   17   61 
  60   65   64   17   61 
  60   65   64   17   61 
  60   65   64   17   61 
  60   65   64   17   61 
  60   64   65   17   61 
  60   64   65   17   61 
  60   64   65   17   61 
  60   64   65   17   61 
  60   64   65   17   61 
  60   64   65   61   17 
  60   64   65   61   17 
  60   64   65   61   17 
  60   64   65   61   17 
  60   64   65   61   17 
  60   64   65   61   17 
  60   64   65   61   17 
  64   65   61   17 
  64   65   61   17 
  64   65   61   17 
  64   65   61   17 
  64   65   17   61 
  64   65   17   61 
  64   65   17   61 
  64   65   17   61 
  64   65   17   61 
  64   65   17   61 
  64   65   17   61 
  64   65   17   61 
  64   65   61   17 
  64   65   61   17 
  64   65   61   17 
  64   65   61   17 
  64   65   61   17 
  64   65   61   17 
  64   65   61   17 
  61   17 
  61 
  61 
  61 
  61 
  61 
  61 
  61 
  61 
  61 
  61 
  61 
  61 
  61 
  61 
  61 
  61 
  61 
  61 
  61 
  61 
  61 
  61 
