   1    5   29    9   13   17   21   60 
   1    5   29    9   13   17   21   60 
   1   29    9    5   13   21   17   60 
   1   29    9    5   13   21   17   60 
   1   29    9    5   13   21   17   60 
   1   29    9    5   13   21   17   60 
   1   29    9    5   13   21   17   60 
   1   29    9    5   13   21   17   60 
   1    9   29    5   13   21   17   60 
   1    9   29    5   21   13   17   60 
   1    9   29    5   21   13   17   60 
   1    9   29    5   21   13   17   60 
   1    9   29    5   21   13   17   60 
   1    9   29    5   21   13   17   60 
   1    9   29    5   21   13   17   60 
   1    9   29    5   21   13   17   60 
   1   29    9    5   21   13   17   60 
   1   29   21    9    5   17   13   60 
   1   29   21    9    5   17   13   60 
   1   29   21    9    5   17   13   60 
   1   29   21    5    9   17   13   60 
   1   29   21    5    9   17   13   60 
   1   29   21    5    9   17   13   60 
   1   29   21    5    9   17   13   60 
   1   29   21    5    9   17   13   60 
   1   29   21    5    9   17   13   60 
   1   29   21    5    9   17   13   60 
   1   29   21    5   17    9   13   60 
   1   29   21    5   17    9   13   60 
   1   21   29    5   17    9   13   60 
   1   21   29    5   17    9   13   60 
   1    5   21   29    9   17   13   60 
   1    5   29    9   21   17   60   13 
   1    5   29   17    9   21   60   13 
   1   29    5   17    9   21   60   13 
   1   29    5   17    9   21   60   13 
   1   29    5   17    9   21   60   13 
   1   29    5   17    9   21   60   13 
   1   29    5   17   60    9   21   13 
   1   29    5   17   60   21    9   13 
   1   29    5   17   60   21    9   13 
   1    5   29   17   60   21    9   13 
   1   29    5   60   21   17    9   13 
   1   29    5   60   21   17    9   13 
   1    5   29   60   21   17    9   13 
   1    5   29   21   60   17    9   13 
   1    5   29   21   60   17    9   13 
   1   29   60   21    5    9   17   13 
   1   60   29   21    5    9   17   13 
   1   60   29   21    5    9   17   13 
   1   60   29   21    5    9   17   13 
   1   60   29   21    5    9   17   13 
   1   60   29   21    5    9   17   13 
   1   60   29   21    5    9   17   13 
   1   60   21   29    5    9   17   13 
   1   60   29   21    5    9   17   13 
   1   60   29   21    9    5   17   13 
   1   60   29   21   25   68    9   73    5   72   17   69   13 
   1   29   21   25    9   68   73   72    5   17   69   13 
   1   29   21    9   73   72   25   68    5   17   69   13 
   1   29    9   21   73   72   25   68    5   17   69   13 
   1   29   73    9   21   72   25   68    5   17   69   13 
   1   29   73    9   21   72   25   68    5   17   69   13 
   1   29   73    9   21   72   25   68    5   17   69   13 
   1   29   73   21    9   72   25   68    5   17   69   13 
   1   29   73   21    9   72   25   68    5   17   69   13 
   1   29   73   21    9   25   68   72    5   17   69   13 
   1   29   73   21   25    9   68   72    5   17   69   13 
   1   29   73   21   25   68    9    5   72   17   69   13 
   1   21   73   29   68   25    5   17    9   72   69   13 
   1   29   68   21   73   25   17    5    9   72   69   13 
   1   29   68   73   21   25   17    5    9   72   69   13 
   1   29   68   73   21   25   17    5    9   72   69   13 
   1   29   68   73   21   25   17    9   72   69   13 
   1   68   29   73   25   17   72   69   13 
   1   68   29   73   25   17   72   69   13 
   1   68   29   73   17   25   72   69 
   1   68   29   73   13   17   25    9   72   69 
   1   68   73   29   13   17   25    9   72   69 
   1   68   73   13   29   17   25    9   72   69 
   1   68   73   13   29   17   25    9   72   69 
   1   68   73   13   29   17   25    9   72   69 
   1   68   73   13   29   17   25    9   72   69 
   1   68   73   13   29   17    9   25   72   69 
   1   68   73   13   29    9   17   25   72   69 
   1   68   73   13   29    9   72   17   25    5   69   21 
   1   73   13   29   69    9   72   17   25    5   21 
   1   73   13   29   69    9   72   17   25    5   76   21 
   1   13   29   69    9   72   17   25    5   76   21 
   1   29   69    9   72   17   25    5   76   21 
   1   29   69    9   72   17   25    5   76   21 
   1   29   69    9   72   17   25    5   76   21 
   1   29   69    9   72   17   25    5   76   21 
   1   69    9   72   17   25    5   76   21 
   1   69    9   72   25    5   76   21 
   1   69    9   72   25    5   76   21 
   1   69    9   72   25    5   76   21 
   1    9   69   72   25    5   76   21 
   1   69    9   72   25    5   76   21 
   1   69   72   25    5   76   21 
   1   69   72   25    5   76   21 
   1   69   72   25    5   76   21 
   1   69   72   25    5   76   21 
   1   69   72   25    5   76   21 
   1   69   72   25    5   76   21 
   1   72   69   25    5   76   21 
   1   72   25    5   76   21 
   1   72   25    5   76   21 
   1   72   25    5   76   21 
   1   72   25    5   76   21 
   1   72   25    5   76   21 
   1   72   25    5   76   21 
   1   25    5   76   21 
   1   25    5   76   21 
   1    5   76   21 
   1    5   76   21 
   1    5   76   21 
   1    5   76   21 
   1    5   76   21 
   1    5   76   21 
   1   76   21 
   1   76   21 
   1   76   21 
   1   76   21 
   1   76   21 
   1   76   21 
   1   76   21 
   1   76   21 
   1   76   21 
   1   76   21 
   1   76   21 
   1   76   21 
   1   76   21 
   1   76   21 
   1   76   21 
   1   76   21 
   1   76   21 
   1   76   21 
   1   76   21 
   1   76   21 
   1   76   21 
   1   76   21 
   1   76   21 
   1   76   21 
   1   76   21 
   1   76   21 
   1   76   21 
   1   76   21 
   1   76   21 
   1   76   21 
   1   76   21 
   1   76   21 
   1   76   21 
   1   76   21 
   1   76   21 
   1   76   21 
   1   76   21 
   1   76   21 
   1   76   21 
   1   76   21 
   1   76   21 
   1   76   21 
   1   76   21 
   1   76   21 
   1   76   21 
   1   76   21 
   1   76   21 
   1   76   21 
   1   76   21 
   1   76   21 
   1   76   21 
   1   76   21 
   1   76   21 
   1   76   21 
   1   76   21 
   1   76   21 
   1   76   21 
   1   76   21 
   1   76   21 
   1   76   21 
   1   21   76 
   1   21   76 
   1   21   76 
   1   21   76 
   1   21   76 
   1   21   76 
   1   21   76 
   1   21   76 
   1   21   76 
   1   21   76 
   1   21   76 
   1   21   76 
   1   21   76 
   1   21   76 
   1   21   76 
   1   21   76 
   1   21   76 
   1   21   76 
   1   21   76 
   1   21   76 
   1   21   76 
   1   21   76 
   1   21   76 
   1   21   76 
   1   21   76 
   1   21   76 
   1   21   76 
   1   21   76 
   1   21   76 
   1   21   76 
   1   21   76 
   1   21   76 
   1   21   76 
   1   21   76 
   1   21   76 
   1   21   76 
   1   21   76 
   1   21   76 
   1   21   76 
   1   21   76 
   1   21   76 
   1   21   76 
   1   21   76 
   1   21   76 
   1   21   76 
   1   21   76 
   1   21   76 
   1   21   76 
   1   21   76 
   1   21   76 
   1   21   76 
   1   21   76 
   1   21   76 
   1   21   76 
   1   21   76 
   1   21   76 
   1   21   76 
   1   21   76 
   1   21   76 
   1   21   76 
   1   21   76 
   1   21   76 
   1   21   76 
   1   21   76 
   1   21   76 
   1   21   76 
   1   21   76 
   1   21   76 
   1   76 
   1   76 
   1   76 
   1   76 
   1   76 
   1   76 
   1   76 
   1   76 
   1   76 
   1   76 
   1   76 
   1   76 
   1   76 
   1   76 
   1   76 
   1   76 
   1   76 
   1   76 
   1   76 
   1   76 
   1   76 
   1   76 
   1   76 
   1   76 
   1   76 
   1   76 
   1   76 
   1   76 
   1   76 
   1   76 
   1   76 
   1   76 
   1   76 
   1   76 
   1   76 
   1   76 
   1   76 
   1   76 
   1   76 
   1   76 
   1   76 
   1   76 
   1   76 
   1   76 
   1   76 
   1   76 
   1   76 
   1   76 
   1   76 
   1   76 
   1   76 
   1   76 
   1   76 
   1   76 
   1   76 
   1   76 
   1   76 
   1   76 
   1   76 
   1   76 
   1   76 
   1   76 
   1   76 
   1   76 
   1   76 
   1   76 
   1   76 
   1   76 
   1   76 
   1   76 
   1   76 
   1   76 
   1   76 
   1   76 
   1   76 
   1   76 
   1   76 
   1   76 
   1   76 
   1   76 
   1   76 
   1   76 
   1   76 
   1   76 
   1   76 
   1   76 
   1   76 
   1   76 
   1   76 
   1   76 
   1   76 
   1   76 
   1   76 
   1   76 
   1   76 
   1   76 
   1   76 
   1   76 
   1   76 
   1   76 
   1   76 
   1   76 
   1   76 
   1   76 
   1   76 
   1   76 
   1   76 
   1   76 
   1   76 
   1   76 
   1   76 
   1   76 
   1   76 
   1   76 
   1   76 
   1   76 
   1   76 
   1   76 
   1   76 
   1   76 
   1   76 
   1   76 
   1   76 
   1   76 
   1   76 
   1   76 
   1   76 
   1   76 
   1   76 
   1   76 
   1   76 
   1   76 
   1   76 
   1   76 
   1   76 
   1   76 
   1   76 
   1   76 
   1   76 
   1   76 
   1   76 
   1   76 
   1   76 
   1   76 
   1   76 
   1   76 
   1   76 
   1   76 
   1   76 
   1   76 
   1   76 
   1   76 
   1   76 
   1   76 
   1   76 
   1   76 
   1   76 
   1   76 
   1   76 
   1   76 
   1   76 
   1   76 
   1   76 
   1   76 
   1   76 
   1   76 
   1   76 
   1   76 
   1   76 
   1   76 
   1   76 
   1   76 
   1   76 
   1   76 
   1   76 
   1   76 
   1   76 
   1   76 
   1   76 
   1   76 
   1   76 
   1   76 
   1   76 
   1   76 
   1   76 
   1   76 
   1   76 
   1   76 
   1   76 
   1   76 
   1   76 
   1   76 
   1   76 
   1   76 
   1   76 
   1   76 
   1   76 
   1   76 
   1   76 
   1   76 
   1   76 
   1   76 
   1   76 
   1   76 
   1   76 
   1   76 
   1   76 
   1   76 
   1   76 
   1   76 
   1   76 
   1   76 
   1   76 
   1   76 
   1   76 
   1   76 
   1   76 
   1   76 
   1   76 
   1   76 
   1   76 
   1   76 
   1   76 
   1   76 
   1   76 
   1   76 
   1   76 
   1   76 
   1   76 
   1   76 
   1   76 
   1   76 
   1   76 
   1   76 
   1   76 
   1   76 
   1   76 
   1   76 
   1   76 
   1   76 
   1   76 
   1   76 
   1   76 
   1   76 
   1   76 
   1   76 
   1   76 
   1   76 
   1   76 
   1   76 
   1   76 
   1   76 
   1   76 
   1   76 
   1   76 
   1   76 
   1   76 
   1   76 
   1   76 
   1   76 
   1   76 
   1   76 
   1   76 
   1   76 
   1   76 
   1   76 
   1   76 
   1   76 
   1   76 
   1   76 
   1   76 
   1   76 
   1   76 
   1   76 
   1   76 
   1   76 
   1   76 
   1   76 
   1   76 
   1   76 
   1   76 
   1   76 
   1   76 
   1   76 
   1   76 
   1   76 
   1   76 
   1   76 
   1   76 
   1   76 
   1   76 
   1   76 
   1   76 
   1   76 
   1   76 
   1   76 
   1   76 
   1   76 
   1   76 
   1   76 
   1   76 
   1   76 
   1   76 
   1   76 
   1   76 
   1   76 
   1   76 
   1   76 
   1   76 
   1   76 
   1   76 
   1   76 
   1   76 
   1   76 
   1   76 
   1   76 
   1   76 
   1   76 
   1   76 
   1   76 
   1   76 
   1   76 
   1   76 
   1   76 
   1   76 
   1   76 
   1   76 
   1   76 
   1   76 
   1   76 
   1   76 
   1   76 
   1   76 
   1   76 
   1   76 
   1   76 
   1   76 
   1   76 
   1   76 
   1   76 
   1   76 
   1   76 
   1   76 
   1   76 
   1   76 
   1   76 
   1   76 
   1   76 
   1   76 
   1   76 
   1   76 
   1   76 
   1   76 
   1   76 
   1   76 
   1   76 
   1   76 
   1   76 
   1   76 
   1   76 
   1   76 
   1   76 
   1   76 
   1   76 
   1   76 
   1   76 
   1   76 
   1   76 
   1   76 
   1   76 
   1   76 
   1   76 
   1   76 
   1   76 
   1   76 
   1   76 
   1   76 
   1   76 
   1   76 
   1   76 
   1   76 
   1   76 
   1   76 
   1   76 
   1   76 
   1   76 
   1   76 
   1   76 
   1   76 
   1   76 
   1   76 
   1   76 
   1   76 
   1   76 
   1   76 
   1   76 
   1   76 
   1   76 
   1   76 
   1   76 
   1   76 
   1   76 
   1   76 
   1   76 
   1   76 
   1   76 
   1   76 
   1   76 
   1   76 
   1   76 
   1   76 
   1   76 
   1   76 
   1   76 
   1   76 
   1   76 
   1   76 
   1   76 
   1   76 
   1   76 
   1   76 
   1   76 
   1   76 
   1   76 
   1   76 
   1   76 
   1   76 
   1   76 
   1   76 
   1   76 
   1   76 
   1   76 
   1   76 
   1   76 
   1   76 
   1   76 
   1   76 
   1   76 
   1   76 
   1   76 
   1   76 
