  13   73   17    5    4   21   60   29    1    9 
  13   73   17    5    4   21   29   60    1    9 
  13   73    5   17    4   21   29   60    1    9 
  13   73    5   17    4   29   21   60    1    9 
  13   73    5   17    4   29   21   60    1    9 
  13    5   73   17    4   29   21   60    1    9 
  13   73    5   17    4   29   21   60    1    9 
  13   73    5   17    4   29   21   60    1    9 
  13   73    5   17    4   29   21   60    1    9 
  13   73    5   17    4   21   29   60    1    9 
  13   73    5   17    4   29   21   60    1    9 
  13   73    5   17    4   29   21   60    1    9 
  13   73    5   17    4   29   21   60    1    9 
  13   73    5   17    4   29   60   21    1    9 
  13   73    5   17    4   29   60   21    1    9 
  13   73    5   17    4   29   21   60    1    9 
  13   73    5   17    4   29   21   60    1    9 
  13   73    5   17    4   29   21   60    1    9 
  13   73    5   17    4   29   60   21    1    9 
  13   73    5   17    4   29   60   21    1    9 
  13   73    5   17    4   29   60   21    1    9 
  13   73    5   17    4   29   60   21    1    9 
  13   73    5   17    4   29   60   21    1    9 
  13   73    5   17    4   29   60   21    1    9 
  13   73    5   17    4   29   60   21    1    9 
  13   73    5   17    4   29   60   21    1    9 
  13   73    5   17    4   29   60   21    1    9 
  13   73    5   17    4   29   60   21    1    9 
  13   73    5   17    4   29   60   21    1    9 
  13   73    5   17    4   29   60   21    1    9 
  13   73    5   17    4   29   60   21    1    9 
  13   73    5   17    4   29   60   21    1    9 
  13   73    5   17    4   29   60   21    1    9 
  13   73    5   17    4   29   60   21    1    9 
  13   73    5   17    4   29   60   21    1    9 
  13   73    5   17    4   29   60   21    1    9 
  13   73    5   17    4   29   60   21    1    9 
  13   73    5   17    4   29   60   21    1    9 
  13   73    5   17    4   29   60   21    1    9 
  13   73    5   17    4   29   60   21    1    9 
  13   73    5   17    4   29   60   21    1    9 
  13   73    5   17    4   29   60   21    1    9 
  13   73    5   17    4   29   60   21    1    9 
  13   73    5   17    4   29   60   21    1    9 
  13   73    5   17    4   29   60   21    1    9 
  13   73    5   17    4   29   60   21    1    9 
  13   73    5   17    4   60   29   21    1    9 
  13   73    5   17    4   60   29   21    1    9 
  13   73    5   17    4   60   29   21    1    9 
  13   73    5   17    4   60   29   21    1    9 
  13   73    5    4   17   60   29   21    1    9 
  13   73    5    4   17   60   29   21    1    9 
  13   73    5    4   17   60   29   21    1    9 
  13   73    5    4   17   60   29   21    1    9 
  13   73    5    4   17   60   29   21    1    9 
  13   73    4   17   60    5   29   21    1    9 
  13   73    4    5   17   60   29   21    1    9 
  13   73    5    4   17   60   29   21    1    9 
  13   73    5    4   17   60   29   21    1    9 
  13   73    5    4   17   60   29   21    1    9 
  13   73    5    4   17   60   29   21    1    9 
  13   73    5    4   17   60   29   21    1    9 
  13   73    5    4   17   60   29   21    1    9 
  13   73    5    4   17   60   29   21    1    9 
  13   73    5    4   17   60   29   21    1    9 
  13   73    5    4   17   60   29   21    1    9 
  13   73    5    4   17   60   29   21    1    9 
  13   73    5    4   17   60   29   21    1    9 
  13   73    5    4   17   60   29   21    1    9 
  13   73    5    4   17   60   29   21    1    9 
  13   73    5    4   17   60   29   21    1    9 
  13   73    5    4   17   60   29   21    1    9 
  13   73    5    4   17   60   29   21    1    9 
  73   13    5    4   17   60   29   21    1    9 
  73   13    5    4   17   60   29   21    1    9 
  73   13    5    4   17   60   29   21    1    9 
  73   13    5    4   17   60   29   21    1    9 
  73   13    5    4   17   60   29   21    1    9 
  73   13    5    4   17   60   29   21    1    9 
  73   13    5    4   17   60   29   21    1    9 
  73   13    5    4   17   60   29   21    1    9 
  13   73    5    4   17   29   60   21    1    9 
  13   73    5    4   17   29   60   21    1    9 
  73   13    5    4   17   29   60   21    1    9 
  73   13    5    4   17   29   60   21    1    9 
  73   13    5    4   17   60   29   21    1    9 
  73   13    5    4   17   60   29   21    1    9 
  73   13    5    4   17   60   29   21    1    9 
  73   13    5    4   17   60   29   21    1    9 
  73   13    5    4   17   60   29   21    1    9 
  73   13    5    4   17   60   29   21    1    9 
  73   13    5    4   17   60   29   21    1    9 
  73   13    5    4   17   60   29   21    1    9 
  73   13    5    4   17   60   29   21    1    9 
  13   73    5    4   17   60   29   21    1    9 
  13   73    5    4   17   60   29   21    1    9 
  13   73    5    4   17   60   29   21    1    9 
  13   73    5    4   17   60   29   21    1    9 
  13   73    5    4   17   60   29   21    1    9 
  13   73    5    4   17   60   29   21    1    9 
  13   73    5    4   17   60   29   21    1    9 
  13   73    5    4   17   60   29   21    1    9 
  13   73    5    4   17   60   29   21    1    9 
  13   73    5    4   60   17   29   21    1    9 
  13   73    5    4   60   17   29   21    1    9 
  13   73    5    4   60   17   29   21    1    9 
  13   73    5    4   60   17   29   21    1    9 
  13   73    5    4   60   17   29   21    1    9 
  13   73    5    4   60   17   29   21    1    9 
  13   73    5    4   60   17   29   21    1    9 
  13   73    5    4   60   17   29   21    1    9 
  73   13    5    4   60   17   29   21    1    9 
  73   13    5    4   60   17   29   21    1    9 
  73   13    5    4   60   17   29   21    1    9 
  73   13    5    4   60   17   29   21    1    9 
  73   13    5    4   60   17   29   21    1    9 
  73   13    5    4   60   17   29   21    1    9 
  13   73    5    4   60   17   29   21    1    9 
  73   13    5    4   60   17   29   21    1    9 
  73   13    5    4   60   17   29   21    1    9 
  73   13    5    4   60   17   29   21    1    9 
  73   13    5    4   60   17   29   21    1    9 
  73   13    5    4   60   17   29   21    1    9 
  73   13    5    4   60   17   29   21    1    9 
  73   13    5    4   60   17   29   21    1    9 
  73   13    5    4   60   17   29   21    1    9 
  73   13    5    4   60   17   29   21    1    9 
  73   13    5    4   60   17   29   21    1    9 
  73   13    5    4   60   17   29   21    1    9 
  73   13    5    4   60   17   29   21    1    9 
  13   73    5    4   60   17   29   21    1    9 
  73   13    5    4   60   17   29   21    1    9 
  13   73    5    4   60   17   29   21    1    9 
  13   73    5    4   60   17   29   21 
  13   73    5    4   60   17   29   21 
  13   73    5    4   60   17   29   21 
  13   73    5    4   60   17   29   21 
  13   73    5    4   60   17   29   21 
  13   73    5    4   60   17   29   21 
  13   73    5    4   60   17   29   21 
  13   73    5    4   60   17   29   21 
  13   73    5    4   60   17   29   21 
  13   73    5    4   60   17   29   21 
  13   73    5    4   60   17   29   21 
  13   73    5    4   60   17   29   21 
  13   73    5    4   60   17   29   21 
  13   73    5    4   60   17   29 
  13   73    5    4   60   17   29 
  13   73    5    4   60   17   29   21 
  13   73    5    4   60   17   29   21 
  13   73    5    4   60   17   29   21 
  13   73    5    4   60   17   29   21 
  13   73    5    4   60   17   29   21 
  13   73    5    4   60   17   29   21 
  13   73    5    4   60   17   29   21 
  13   73    5    4   60   17   29   21 
  13   73    5    4   60   17   29 
  13   73    5    4   60   17   29 
  13   73    5    4   60   17   29 
  13   73    5    4   60   17   29   21 
  73   13    5    4   60   17   29   21 
  73   13    5    4   60   17   29   21 
  73   13    5    4   60   17   29   21 
  73   13    5    4   60   17   29   21 
  73   13    5    4   60   17   29   21 
  73   13    5    4   60   17   29   21 
  73   13    5    4   60   17   29   21 
  73   13    5    4   60   17   29   21 
  73   13    5    4   60   17   29   21 
  73   13    5    4   60   17   29   21 
  73   13    5    4   60   17   29 
  73   13    5    4   60   17   29 
  73   13    5    4   60   17   29   21 
  73   13    5    4   60   17   29   21 
  73   13    5    4   60   17   29   21 
  73   13    5    4   60   17   29   21 
  13   73    5    4   60   17   29   21 
  13   73    5    4   60   17   29   21 
  13   73    5    4   60   17   29   21 
  13   73    5    4   60   17   29   21 
  13   73    5    4   60   17   29   21 
  13   73    5    4   60   17   29   21 
  13   73    5    4   60   17   29   21 
  13   73    5    4   60   17   29   21 
  13   73    5    4   60   17   29   21 
  13   73    5    4   60   29   17   21 
  13   73    5    4   60   29   17   21 
  13   73    5   60    4   29   17   21 
  13   73    5   60    4   29   17 
  13   73    5   60    4   29   17 
  13   73    5   60    4   29   17 
  13   73    5   60    4   29   17 
  13   73    5   60    4   29   17 
  13   73    5   60    4   29   17 
  13   73    5   60    4   29   17 
  73   13    5   60    4   29   17   21 
  73   13    5   60    4   29   17 
  73   13    5   60    4   29   17 
  73   13    5   60    4   29   17 
  73   13    5   60    4   17   29   21 
  73   13    5   60    4   29   17   21 
  73   13    5   60    4   29   17   21 
  73   13    5   60    4   17   29   21 
  73   13    5    4   60   17   29   21 
  73   13    5    4   60   17   29   21 
  73   13    5    4   60   17   29   21 
  73   13    5    4   60   29   17   21 
  73   13    5    4   60   29   17 
  73   13    5   60    4   29   17 
  73   13    5   60    4   29   17 
  73   13    5   60    4   29   17 
  73   13    5   60    4   29   17 
  73   13    5   60    4   29   17   21 
  73   13    5   60    4   29   17 
  73   13    5   60    4   29   17   21 
  73   13    5   60    4   29   17   21 
  73   13    5   60    4   29   17   21 
  73   13    5   60    4   29   17   21 
  73   13    5   60    4   29   17   21 
  73   13    5   60    4   29   17   21 
  73   13    5   60    4   29   17   21 
  73   13    5   60    4   29   17   21 
  73   13    5   60    4   29   17 
  73    5   13   60    4   29   17 
  73    5   13   60    4   29   17 
  73    5   13   60    4   29   17 
  73    5   13   60    4   29   17 
  73    5   13   60    4   29   17 
  73    5   13   60    4   29   17 
  73    5   13   60    4   29   17 
  73   13    5   60    4   29   17 
  73   13    5   60    4   29   17 
  73   13    5   60    4   29   17 
  73   13    5   60    4   29   17 
  73   13    5   60    4   29   17   21 
  73   13    5   60    4   29   17 
  73   13    5   60    4   29   17 
  73   13    5   60    4   29   17 
  73   13    5   60    4   29   17 
  73   13    5   60    4   29   17 
  73   13    5   60    4   29   17 
  73   13    5   60    4   29   17 
  73   13    5   60    4   29   17 
  73    5   13   60    4   29   17 
  73    5   13   60    4   29   17 
  73    5   13   60    4   29   17 
  73    5   13   60    4   29   17 
  73    5   13   60    4   29   17 
  73    5   13   60    4   29   17 
  73    5   13   60    4   29   17 
  73    5   13   60    4   29   17 
  73    5   13   60    4   29   17 
  73    5   13   60    4   29   17 
  73    5   13   60    4   29   17 
   5   73   13   60    4   29   17 
   5   73   13   60    4   29   17 
   5   73   13   60    4   29   17 
   5   73   13   60    4   29   17 
   5   73   13   60    4   29   17 
   5   73   13   60    4   29   17 
   5   73   13   60    4   29   17 
   5   73   13   60    4   29   17 
   5   73   13   60    4   29   17 
   5   73   13   60    4   29   17 
   5   73   13   60    4   29   17 
   5   73   13   60    4   29   17 
   5   73   13   60   29 
   5   73   13   60   29 
   5   73   13   60   29 
   5   73   13   60   29 
   5   73   13   60   29 
   5   73   13   60   29 
   5   73   13   60   29 
   5   73   13   60   29 
   5   73   13   60   29 
  73    5   13   60   29 
  73    5   13   60   29 
  73    5   13   60   29 
  73    5   13   60   29 
  73    5   13   60   29 
  73    5   13   60   29 
  73    5   13   60   29 
  73    5   13   60   29 
  73    5   13   60   29 
  73    5   13   60   29 
  73    5   13   60   29 
   5   73   13   60   29 
   5   73   13   60   29 
   5   73   13   60   29 
   5   73   13   60   29 
   5   73   13   60   29 
   5   73   13   61   60   29 
   5   73   13   61   60   29 
   5   73   13   61   60   29 
   5   73   13   61   60   29 
   5   73   13   61   60   29 
   5   73   13   61   60   29 
   5   73   13   61   60   29 
   5   73   13   61   60   29 
   5   73   13   61   60   29 
   5   73   13   61   60   29 
   5   73   13   61   60   29 
   5   73   13   61   60   29 
   5   73   13   61   60   29 
   5   73   13   61   60   29 
   5   73   13   61   60   29 
   5   73   13   61   60   29 
  73    5   13   61   60   29 
   5   73   13   61   60   29 
  73    5   13   61   60   29 
   5   73   13   61   60   29 
   5   73   13   61   60   29 
   5   73   13   61   60   29 
   5   73   13   61   60   29 
  73    5   13   61   60   29 
  73    5   13   61   60   29 
  73    5   13   61   60   29 
   5   73   13   61   60   29 
   5   73   13   61   60   29 
   5   73   13   61   60   29 
   5   73   13   61   60   29 
   5   73   13   61   60   29 
   5   73   13   61   60   29 
   5   73   13   61   60   29 
   5   73   13   61   60   29 
   5   73   13   61   60   29 
   5   73   13   61   60   29 
   5   73   13   61   60   29 
   5   73   13   61   60   29 
   5   73   13   61   60   29 
   5   73   13   61   60   29 
   5   73   13   61   60   29 
   5   73   13   61   60   29 
   5   73   13   61   60   29 
   5   73   13   61   60   29 
   5   73   13   61   60   29 
   5   73   13   61   60   29 
  73    5   13   61   60   29 
   5   73   13   61   60   29 
  73    5   13   61   60   29 
  73    5   13   61   60   29 
  73    5   13   61   60   29 
   5   73   13   61   60   29 
  73    5   13   61   60   29 
  73    5   13   61   60   29 
  73    5   13   61   60   29 
  73    5   13   61   60   29 
   5   73   13   61   60   29 
  73    5   13   61   60   29 
  73    5   13   61   60   29 
  73    5   13   61   60   29 
  73    5   13   61   60   29 
  73    5   13   61   60   29 
  73    5   13   61   60   29 
  73    5   13   61   60   29 
  73    5   13   61   60   29 
  73    5   13   61   60   29 
  73    5   13   61   60   29 
  73    5   13   61   60   29 
  73    5   13   61   60   29 
  73    5   13   61   60   29 
  73    5   13   61   60   29 
  73    5   13   61   60   29 
  73    5   13   61   60   29 
  73    5   13   61   60   29 
  73    5   13   61   60   29 
  73    5   13   61   60   29 
  73    5   13   61   60   29 
  73    5   13   61   60   29 
  73    5   13   61   60   29 
  73    5   13   61   60   29 
   5   73   13   61   60   29 
  73    5   13   61   60   29 
  73    5   13   61   60   29 
   5   73   13   61   60   29 
   5   73   13   61   60   29 
   5   73   13   61   60   29 
   5   73   13   61   60   29 
   5   73   13   61   60   29 
   5   73   13   61   60   29 
   5   73   13   61   60   29 
   5   73   13   61   60   29 
  73    5   13   61   60   29 
  73    5   13   61   60   29 
  73    5   13   61   60   29 
   5   73   13   61   60    4   17   56   29   21 
   5   73   13   61   60   29 
   5   73   13   61   60   29 
   5   73   13   61   60   29 
   5   73   13   61   60   29 
   5   73   13   61   60   29 
  73    5   13   61   60   29 
   5   73   13   61   60   29 
   5   73   13   61   60   29 
  73    5   13   61   60   29 
  73    5   13   61   60   29 
  73    5   13   61   60   29 
  73    5   13   61   60   29 
  73    5   13   61   60   29 
  73    5   13   61   60   29 
  73    5   13   61   60   29 
  73    5   13   61   60   29 
  73    5   13   61   60   29 
  73    5   13   61   60   29 
  73    5   13   61   60   29 
  73    5   13   61   60   29 
   5   73   13   61   60    4   56   29   17   21 
  73    5   13   61   60   29 
  73   13    5   61    4   60   56   29   21   17    1 
  73   13    5   61    4   60   56   29   17   21    1 
  73    5   13   61    4   60   56   29   17   21    1 
  73    5   13   61    4   60   56   29   17   21    1 
   5   73   13   61    4   60   56   29   17   21    1 
  73   13    5   61    4   60   56   29   17   21    1 
  73    5   13   61    4   60   56   29   17   21    1 
  73   13    5   61    4   60   56   29   17   21    1 
   5   73   13   61   60    4   56   29   17   21    1 
  73   13    5   61    4   60   56   29   17   21 
   5   73   13   61   60    4   29   56   17   21 
   5   73   13   61   60    4   29   17   56   21 
   5   73   13   61   60    4   29   17   56   21 
   5   73   13   61   60    4   17   29   21   56 
   5   73   13   61   60    4   17   29   21   56 
   5   73   13   61   60    4   17   29   21   56 
   5   73   13   61   60    4   17   29   21   56 
   5   73   13   61   60    4   17   29   21   56 
   5   73   13   61   60    4   17   29   21   56 
   5   73   13   61   60    4   17   29   21    9    1 
   5   73   13   61   60    4   17   29   21    9   56    1 
   5   73   13   61   60    4   17   29   21    9   56    1 
   5   73   13   61   60    4   17   29   21    9   56    1 
  73    5   13   61   60    4   17   29   21    9   56    1 
   5   73   13   61   60    4   17   29   21    9   56    1 
   5   73   13   61   60    4   17   29   21    9   56    1 
   5   73   13   61   60    4   17   29   21    9   56    1 
   5   73   13   61   60    4   17   29   21    9   56    1 
  73    5   13   61   60    4   17   29   21    9   56    1 
  73    5   13   61   60    4   17   29   21    9   56    1 
  73    5   13   61   60    4   17   29   21    9   56    1 
  73    5   13   61   60    4   17   29   21    9   56    1 
  73    5   13   61   60    4   17   29   21    9    1 
  73    5   13   61   60    4   17   29   21    9    1 
  73    5   13   61   60    4   17   29   21    9    1 
  73    5   13   61   60    4   17   29   21    9    1 
  73    5   13   61   60    4   17   29   21    9    1 
  73    5   13   61   60    4   17   29   21   56    9    1 
  73    5   13   61   60    4   17   29   21   56    9    1 
  73    5   13   61   60    4   17   29   21   56    9    1 
  73    5   13   61   60    4   17   29   21   56    9    1 
  73    5   13   61   60    4   17   29   21   56    9    1 
   5   73   13   61   60    4   17   29   21   56    9    1 
