  21    5    1    9   17   33   13   32    4   37 
  21    5    1    9   17   33   13   32    4   37 
  21    5    1    9   17   33   13   32    4   37 
  21    5    9    1   17   33   13   32    4   37 
  21    5    9    1   17   33   13   32    4   37 
  21    5    9    1   17   33   13   32    4   37 
  21    5    9    1   17   33   13   32    4   37 
  21    5    9    1   17   33   13   32    4   37 
  21    5    9    1   17   33   13   32    4   37 
  21    5    9    1   17   33   13   32    4   37 
  21    5    9    1   17   33   13   32    4   37 
  21    5    9    1   17   33   13   32    4   37 
  21    5    9    1   17   33   13   32    4   37 
  21    5    9    1   17   33   13   32    4   37 
  21    5    9    1   17   33   13   32    4   37 
  21    5    9    1   17   33   13   32    4   37 
  21    5    9    1   17   33   13   32    4   37 
  21    5    9    1   17   33   13   32    4   37 
  21    5    9    1   17   33   13   32    4   37 
  21    5    9    1   17   33   13   32    4   37 
  21    5    9    1   17   33   13   32    4   37 
  21    5    9    1   17   33   13   32    4   37 
  21    5    9    1   17   33   13   32    4   37 
  21    5    9    1   17   33   13   32    4   37 
  21    5    9    1   17   33   13   32    4   37 
  21    5    9    1   17   33   13   32    4   37 
  21    5    9    1   17   33   13   32    4   37 
  21    5    9    1   17   33   13   32    4   37 
  21    5    9    1   17   33   13   32    4   37 
  21    5    9    1   17   33   13   32    4   37 
  21    5    9    1   17   33   13   32    4   37 
  21    5    9    1   17   33   13   32    4   37 
  21    5    9    1   17   33   13   32    4   37 
  21    5    9    1   17   33   13   32    4   37 
  21    5    9    1   17   33   13   32    4   37 
  21    5    9    1   17   33   13   32    4   37 
  21    5    9    1   17   33   13   32    4   37 
  21    5    9    1   17   33   13   32    4   37 
  21    5    9    1   17   33   13   32    4   37 
  21    5    9    1   17   33   13   32    4   37 
  21    5    9    1   17   33   13   32    4   37 
  21    5    9    1   17   33   13   32    4   37 
  21    5    9    1   17   33   13   32    4   37 
  21    5    9    1   17   33   13   32    4   37 
  21    5    9    1   17   33   13   32    4   37 
  21    5    9    1   17   33   13   32    4   37 
  21    5    9    1   17   33   13   32    4   37 
  21    5    9    1   17   33   13   32    4   37 
  21    5    9    1   17   33   13   32    4   37 
  21    5    9    1   17   33   13   32    4   37 
  21    5    9   17    1   33   13   32    4   37 
  21    5    9   17    1   33   13   32    4   37 
  21    5    9   17    1   33   13   32    4   37 
  21    5    9   17    1   33   13   32    4   37 
  21    5    9   17    1   33   13   32    4   37 
  21    5    9   17    1   33   13   32    4   37 
  21    5    9   17    1   33   13   32    4   37 
  21    5    9   17    1   33   13   32    4   37 
  21    5    9   17    1   33   13   32    4   37 
  21    5    9   17   13    4 
  21    5    9   17   13    4 
  21    5    9   17   13    4 
  21    5    9   17   13    4 
  21    5    9   17   13    4 
  21    5    9   17   13    4 
  21    5    9   17   13    4 
  21    5    9   17   13    4 
  21    5    9   17   13    4 
  21    5    9   17   13    4 
  21    5    9   17   13    4 
  21    5    9   17   13    4 
  21    5    9   17   13    4 
  21    5    9   17   13    4 
  21    5    9   17   33   13    4 
  21    5    9   17   33   13    4 
  21    5    9   17   33   13    4 
  21    5    9   17   33   13    4 
  21    5    9   17   33   13    4 
  21    5    9   17   33   13    4 
  21    5    9   17   33   13    4 
  21    5    9   17   33   13    4 
  21    5    9   17   33   13    4 
  21    5    9   17   33   13    4 
  21    5    9   17   33   13    4 
  21    5    9   17   33   13    4 
  21    5    9   17   33   13    4 
  21    5    9   17   33   13    4 
  21    5    9   17   33   13    4 
  21    5    9   17   33   13    4 
  21    5    9   17   33   13    4 
  21    5    9   17   33   13    4 
  21    5    9   17   33   13    4 
  21    5    9   17   33   13    4 
  21    5    9   17   33   13    4 
  21    5    9   17   33   13    4 
  21    5    9   17   33   13    4 
  21    5    9   17   33   13    4 
  21    5    9   17   33   13    4 
  21    5    9   17   33   13    4 
  21    5    9   17   33   13    4 
  21    5    9   17   33   13    4 
  21    5    9   17   33   13    4 
  21    5    9   17   33   13    4 
  21    5    9   17   33   13    4 
  21    5    9   17   13    4 
  21    5    9   17   33   13    4 
  21    5    9   17   13    4 
  21    5    9   17   13    4 
  21    5    9   17   13    4 
  21    5    9   17   13    4 
  21    5    9   17    4   13 
  21    5    9   17    4   13 
  21    5    9   17   33    4   13 
  21    5    9   17   33    4   13 
  21    5    9   17    4   13 
  21    5    9   17    4   13 
  21    5    9   17   33    4   13 
  21    5    9   17   33    4   13 
  21    5    9   17    4   13 
  21    5    9   17    4   13 
  21    5    9   17    4   13 
  21    5    9   17    4   13 
  21    5    9   17    4   13 
  21    5    9   17   33    4   13 
  21    5    9   17   33    4   13 
  21    5    9   17    4   13 
  21    5    9   17    4   13 
  21    5    9   17   33    4   13 
  21    5    9   17    4   13 
  21    5    9   17    4   13 
  21    5    9   17    4   13 
  21    5    9   17    4   13 
  21    5    9   17    4   13 
  21    5    9   17    4   13 
  21    5    9   17    4   13 
  21    5    9   17    4   13 
  21    5    9   17    4   13 
  21    5    9   17    4   13 
  21    5    9   17   33    4   13 
  21    5    9   17    4   13 
  21    5    9   17    4   13 
  21    5    9   17    4   13 
  21    5    9   17    4   13 
  21    5    9   17    4   13 
  21    5    9   17    4   13 
  21    5    9   17    4   13 
  21    5    9   17    4   13 
  21    5    9   17    4   13 
  21    5    9   17    4   13 
  21    5    9   17    4   13 
  21    5    9   17    4   13 
  21    5    9   17    4   13 
  21    5    9   17    4   13 
  21    5    9   17    4   13 
  21    5    9   17    4   13 
  21    5    9   17    4   13 
  21    5    9   17    4   13 
  21    5    9   17    4   13 
  21    5    9   17    4   33   13 
  21    5    9   17    4   33   13 
  21    5    9   17    4   33   13 
  21    5    9   17    4   33   13 
  21    5    9   17    4   33   13 
  21    5    9   17    4   33   13 
  21    5    9   17    4   33   13 
  21    5    9   17    4   33   13 
  21    5    9   17    4   33   13 
  21    5    9   17    4   13 
  21    5    9   17    4   13 
  21    5    9   17    4   13 
  21    5    9   17    4   13 
  21    5    9   17    4   13 
  21    5    9   17    4   13 
  21    5    9   17    4   13 
  21    5    9   17    4   13 
  21    5    9   17    4   13 
  21    5    9   17    4   13 
  21    5    9   17    4   13 
  21    5    9   17    4   13 
  21    5    9   17    4   13 
  21    5    9    4   17   13 
  21    5    9    4   17   13 
  21    5    9    4   17   13 
  21    5    9    4   17   13 
  21    5    9    4   17   13 
  21    5    9    4   17   13 
  21    5    9    4   17   13 
  21    5    9    4   17   13 
  21    5    9    4   17   13 
  21    5    9    4   17   13 
  21    5    9    4   17   13 
  21    5    9    4   17   13 
  21    5    9    4   17   13 
  21    5    9    4   17   13 
  21    5    9    4   17   33   13 
  21    5    9    4   17   33   13 
  21    5    9    4   17   33   13 
  21    5    9    4   17   13 
  21    5    9    4   17   13 
  21    5    9    4   17   13 
  21    5    9    4   17   13 
  21    5    9    4   17   13 
  21    5    9    4   17   13 
  21    5    9    4   17   13 
  21    5    9    4   17   13 
  21    5    9    4   17   13 
  21    5    9    4   17   13 
  21    5    9    4   17   13 
  21    5    9   17    4 
  21    5    9   17    4 
  21    5    9   17    4 
  21    5    9   17    4 
  21    5    9   17    4 
  21    5    9   17    4 
  21    5    9   17    4 
  21    5    9    4   17 
  21    5    9    4   17 
  21    5    9    4   17 
  21    5    9    4   17 
  21    5    9    4   17 
  21    5    9    4   17 
  21    5    9    4   17 
  21    5    9    4   17 
  21    5    9    4   17 
  21    5    9    4   17 
  21    5    4    9   17 
  21    5    4    9   17 
  21    5    4    9   17 
  21    5    4    9   17 
  21    5    4    9   17 
  21    5    4    9   17 
  21    5    4    9   17 
  21    5    4    9   17 
  21    5    4    9   17 
  21    5    4    9   17 
  21    5    4    9   17 
  21    5    4    9   17 
  21    5    4    9   17 
  21    5    4    9   17 
  21    5    4    9   17 
  21    5    4    9   17 
  21    5    4    9   17 
  21    5    4    9   17 
  21    5    4    9   17 
  21    5    4    9   17 
  21    5    4    9   17 
  21    5    4    9   17 
  21    5    4    9   17 
  21    5    4    9   17 
  21    5    4    9   17 
  21    5    4    9   17 
  21    5    4    9   17 
  21    5    4    9   17 
  21    5    4    9   17 
  21    5    4    9   17 
  21    5    4    9   17 
  21    5    4    9   17 
  21    5    4    9   17 
  21    5    4   17 
  21    5    4   17 
  21    5    4   17 
  21    5    4   17 
  21    5    4   17 
  21    5    4   17 
  21    5    4   17 
  21    5    4   17 
  21    5    4   17 
  21    5    4   17 
  21    5    4   17 
  21    5    4   17 
  21    5    4   17 
  21    5    4   17 
  21    5    4   17 
  21    5    4   17 
  21    5    4   17 
  21    5    4   17 
  21    5    4   17 
  21    5    4   17 
  21    5    4   17 
  21    5    4   17 
  21    5    4   17 
  21    5    4   17 
  21    5    4   17 
  21    5    4   17 
  21    5    4   17 
  21    5    4   17 
  21    5    4   17 
  21    5    4   17 
  21    5    4   17 
  21    5    4   17 
  21    5    4   17 
  21    5    4   17 
  21    5    4   17 
  21    5    4   17 
  21    5    4    9   17 
  21    5    4    9   17 
  21    5    4    9   17 
  21    5    4    9   17 
  21    5    4    9   17 
  21    5    4   17 
  21    5    4   17 
  21    5    4   17 
  21    5    4   17 
  21    5    4   17 
  21    5    4   17 
  21    5    4   17 
  21    5    4   17 
  21    5    4   17 
  21    5    4   17 
  21    5    4   17 
  21    5    4   17 
  21    5    4   17 
  21    5    4   17 
  21    5    4   17 
  21    5    4   17 
  21    5    4   17 
  21    5    4   17 
  21    5    4   17 
  21    5    4   17 
  21    5    4   17 
  21    5    4   17 
  21    5    4   17 
  21    5    4   17 
  21    5    4   17 
  21    5    4   17 
  21    5    4    9   17 
  21    5    4    9   17 
  21    5    4    9   17 
  21    5    4    9   17 
  21    5    4    9   17 
  21    5    4    9   17 
  21    5    4    9   17 
  21    5    4    9   17 
  21    5    4    9   17 
  21    5    4    9   17 
  21    5    4    9   17 
  21    5    4    9   17 
  21    5    4    9   17 
  21    5    4    9   17 
  21    5    4    9   17 
  21    5    4    9   17 
  21    5    4    9   17 
  21    5    4    9   17 
  21    5    4    9   17 
  21    5    4    9   17 
  21    5    4    9   17 
  21    5    4    9   17 
  21    5    4    9   17 
  21    5    4    9   17 
  21    5    4    9   17 
  21    5    4    9   17 
  21    5    4    9   17 
  21    5    4    9   17 
  21    5    4    9   17 
  21    5    4    9   17 
  21    5    4    9   17 
  21    5    4    9   17 
  21    5    4    9   17 
  21    5    4    9   17 
  21    5    4    9   17 
  21    5    4    9   17 
  21    5    4    9   17 
  21    5    4    9   17 
  21    5    4    9   17 
  21    5    4    9   17 
  21    5    4    9   17 
  21    5    4    9   17 
  21    5    4    9   17 
  21    5    4    9   17 
  21    5    4    9   17 
   5   21    4    9   17 
   5   21    4    9   17 
   5   21    4    9   17 
   5   21    4    9   17 
   5   21    4    9   17 
   5   21    4    9   17 
   5   21    4    9   17 
  21    5    4    9   17 
  21    5    4    9   17 
   5   21    4    9   17 
   5   21    4    9   17 
   5   21    4    9   17 
   5   21    4    9   17 
   5   21    4    9   17 
   5   21    4    9   17 
   5   21    4    9   17 
   5   21    4    9   17 
   5   21    4    9   17 
   5   21    4    9   17   33 
   5   21    4    9   17   33 
   5   21    4    9   17   33 
   5   21    4    9   17   33 
   5   21    4    9   17   33 
   5   21    4    9   17   33 
  21    5    4    9   17   33 
  21    5    4    9   17   33 
   5   21    4    9   17   33 
   5   21    4    9   17   33 
   5   21    4    9   17   33 
   5   21    4    9   17   33 
   5   21    4    9   17   33 
   5   21    4    9   17   33 
   5   21    4    9   17   33 
   5   21    4    9   17 
   5   21    4    9   17 
  21    5    4    9   17 
  21    5    4    9   17 
  21    5    4    9   17 
  21    5    4    9   17 
  21    5    4    9   17 
  21    5    4    9   17 
  21    5    4    9   17 
  21    5    4    9   17 
  21    5    4    9   17 
  21    5    4    9   17   33 
  21    5    4    9   17 
  21    5    4    9   17   33 
  21    5    4    9   17   33 
  21    5    4    9   17 
  21    5    4    9   17   33 
  21    5    4    9   17   33 
   5   21    4    9   17   33 
   5   21    4    9   17   33 
   5   21    4    9   17   33 
   5   21    4    9   17   33 
   5   21    4    9   17   33 
   5   21    4    9   17   33 
   5   21    4    9   17   33 
   5   21    4    9   17   33 
   5   21    4    9   17   33 
  21    5    4    9   17   33 
  21    5    4    9   17   33 
  21    5    4    9   17   33 
  21    5    4    9   17   33 
  21    5    4    9   17   33 
  21    5    4    9   17   33 
  21    5    4    9   17   33 
  21    5    4    9   17   33 
  21    5    4    9   17   33 
  21    5    4    9   17   33 
  21    5    4    9   17   33 
  21    5    4    9   17   33 
  21    5    4    9   17   33 
  21    5    4    9   17   33 
  21    5    4    9   17   33 
  21    5    4    9   17   33   13 
  21    5    4    9   17   33   13 
  21    5    4    9   17   33   13 
  21    5    4    9   17   33   13 
  21    5    4    9   17   33   13 
  21    5    4    9   17   33   13 
  21    5    4    9   17   33   13 
  21    5    4    9   17   33   13 
  21    5    4    9   17   33   13 
  21    5    4    9   17   33   13 
  21    5    4    9   17   33   13 
  21    5    4    9   17   33   13 
  21    5    4    9   17   33   13 
  21    5    4    9   17   33   13 
  21    5    4    9   17   33   13 
  21    5    4    9   17   33   13 
  21    5    4    9   17   33   13 
  21    5    4    9   17   33   13 
  21    5    4    9   17   33   13 
  21    5    4    9   17   33   13 
  21    5    4    9   17   33   13 
  21    5    4    9   17   33   13 
  21    5    4    9   17   33   13 
  21    5    4    9   17   33   13 
  21    5    4    9   17   33   13 
  21    5    4    9   17   33   13 
  21    5    4    9   17   33   13 
  21    5    4    9   17   33   13 
  21    5    4    9   17   33   13 
  21    5    4    9   17   33   13 
  21    5    4    9   17   33   13 
  21    5    4    9   17   33   13 
  21    5    4    9   17   33   13 
  21    5    4    9   17   33   13 
  21    5    4    9   17   33   13 
  21    5    4    9   17   33   13 
  21    5    4    9   17   33   13 
  21    5    4    9   17   33   13 
  21    5    4    9   17   33   13 
  21    5    4    9   17   33   13 
  21    5    4    9   17   33   13 
  21    5    4    9   17   33   13 
  21    5    4    9   17   33   13 
  21    5    4    9   17   33   13 
  21    5    4    9   17   33   13 
  21    5    4    9   17   33   13 
  21    5    4    9   17   33   13 
  21    5    4    9   17   33   13 
  21    5    4    9   17   33   13 
  21    5    4    9   17   33   13 
  21    5    4    9   17   33   13 
  21    5    4    9   17   33   13 
  21    5    4    9   17   33   13 
  21    5    4    9   17   33   13 
  21    5    4    9   17   33   13 
  21    5    4    9   17   33   13 
  21    5    4    9   17   33   13 
  21    5    4    9   17   33   13 
  21    5    4    9   17   33   13 
  21    5    4    9   17   33   13 
  21    5    4    9   17   33   13 
  21    5    4    9   17   33   13 
  21    5    4    9   17   33   13 
  21    5    4    9   17   33   13 
  21    5    4    9   17   33   13 
  21    5    4    9   17   33   13 
  21    5    4    9   17   33   13 
  21    5    4    9   17   33   13 
  21    5    4    9   17   33   13 
  21    5    4    9   17   33   13 
  21    5    4    9   17   33   13 
  21    5    4    9   17   33   13 
  21    5    4    9   17   33   13 
  21    5    4    9   17   33   13 
  21    5    4    9   17   33   13 
  21    5    4    9   17   33   13 
  21    5    4    9   17   33   13 
  21    5    4    9   17   33   13 
  21    5    4    9   17   33   13 
  21    5    4    9   17   33   13 
  21    5    4    9   17   33   13 
  21    5    4    9   17   33   13 
  21    5    4    9   17   33   13 
  21    5    4    9   17   33   13 
  21    5    4    9   17   33   13 
  21    5    4    9   17   33   13 
  21    5    4    9   17   33   13 
  21    5    4    9   17   33   13 
  21    5    4    9   17   33   13 
  21    5    4    9   17   33   13 
  21    5    4    9   17   33   13 
  21    5    4    9   17   33   13 
  21    5    4    9   17   33   13 
  21    5    4    9   17   33   13 
  21    5    4    9   17   33   13 
  21    5    4    9   17   33   13 
  21    5    4    9   17   33   13 
  21    5    4    9   17   33   13 
  21    5    4   17    9   33   13 
  21    5    4    9   17   33   13 
  21    5    4    9   17   33 
  21    5    4    9   17   33   13 
  21    5    4    9   17   33 
  21    5    4    9   17   33   13 
  21    5    4    9   17   33 
  21    5    4    9   17   33 
  21    5    4    9   17   33 
  21    5    4    9   17   33 
  21    5    4    9   17   33 
  21    5    4    9   17   33 
  21    5    4    9   17   33 
  21    5    4    9   17   33 
  21    5    4    9   17   33   13 
  21    5    4    9   17   33   13 
  21    5    4   17    9   33   13 
  21    5    4   17    9   33   13 
  21    5    4   17    9   33   13 
  21    5    4   17    9   33   13 
  21    5    4   17    9   33   13 
  21    5    4   17    9   33   13 
  21    5    4    9   17   33   13 
  21    5    4    9   17   33   13 
  21    5    4    9   17   33   13 
  21    5    4    9   17   33   13 
  21    5    4    9   17   33   13 
  21    5    4    9   17   33   13 
  21    5    4    9   17   33   13 
  21    5    4    9   17   33   13 
  21    5    4    9   17   33   13 
  21    5    4    9   17   33   13 
  21    5    4    9   17   33   13 
  21    5    4    9   17   33   13 
  21    5    4    9   17   33   13 
  21    5    4    9   17   33   13 
  21    5    4    9   17   33   13 
  21    5    4    9   17   33   13 
  21    5    4    9   17   33   13 
  21    5    4    9   17   33    1   13 
  21    5    4    9   17   33    1   13 
  21    5    4    9   17   33   13 
  21    5    4    9   17   33   13 
  21    5    4    9   17   33   13 
  21    5    4    9   17   33   13 
  21    5    4   17    9   33   13 
  21    5    4    9   17   33   13 
  21    5    4    9   17   33   13 
  21    5    4    9   17   33   13 
  21    5    4    9   17   33   13 
  21    5    4   17    9   33   13 
  21    5    4   17    9   33   13 
  21    5    4   17    9   33   13 
  21    5    4   17    9   33   13 
  21    5    4   17    9   33   13 
  21    5    4   17    9   33   13 
  21    5    4   17    9   33   13 
  21    5    4   17    9   33   13 
  21    5    4   17    9   33   13 
  21    5    4   17    9   33   13 
  21    5    4   17    9   33   13 
  21    5    4   17    9   33   13 
  21    5    4   17    9   33   13 
  21    5    4   17    9   33   13 
  21    5    4   17    9   33   13 
  21    5    4   17    9   33   13 
  21    5    4   17    9   33   13 
  21    5    4   17    9   33   13 
  21    5    4   17    9   33   13 
  21    5    4   17    9   33   13 
  21    5    4   17    9   33   13 
  21    5    4   17    9   33   13 
  21    5    4   17    9   33   13 
  21    5    4   17    9   33   13 
  21    5    4   17    9   33   13 
  21    5    4   17    9   33   13 
  21    5    4   17    9   33   13 
  21    5    4   17    9   33   13 
  21    5    4   17    9   33   13 
  21    5    4   17    9   33   13 
  21    5    4   17    9   33   13 
  21    5    4   17    9   33   13 
  21    5    4   17    9   33   13 
  21    5    4   17    9   33   13 
  21    5    4   17    9   33   13 
  21    5    4   17    9   33   13 
  21    5    4   17    9   33   13 
  21    5    4   17    9   33   13 
  21    5    4   17    9   33   13 
  21    5    4   17    9   33   13 
  21    5    4   17    9   33   13 
  21    5    4   17    9   33   13 
  21    5    4   17    9   33   13 
  21    5    4   17    9   33   13 
  21    5    4   17    9   33   13 
   5   21    4   17    9   33   13 
  21    5    4   17    9   33   13 
  21    5    4   17    9   33   13 
  21    5    4   17    9   33   13 
  21    5    4   17    9   33   13 
   5   21    4   17    9   33   13 
  21    5    4   17    9   33   13 
  21    5    4   17    9   33   13 
  21    5    4   17    9   33   13 
   5   21    4   17    9   33   13 
   5   21    4    9   17   33   13 
  21    5    4    9   17   33   13 
  21    5    4    9   17   33   13 
  21    5    4    9   17   33   13 
   5   21    4    9   17   33   13 
   5   21    4    9   17   33   13 
   5   21    4    9   17   33   13 
   5   21    4    9   17   33   13 
   5   21    4    9   17   33   13 
   5   21    4    9   17   33   13 
   5   21    4    9   17   33   13 
   5   21    4    9   17   33   13 
   5   21    4    9   17   33   13 
   5   21    4    9   17   33   13 
   5   21    4    9   17   33   13 
   5   21    4    9   17   33   13 
   5   21    4    9   17   33   13 
   5   21    4    9   17   33   13 
   5   21    4    9   17   33   13 
   5   21    4    9   17   33   13 
   5   21    4    9   17   33   13 
   5   21    4    9   17   33   13 
  21    5    4    9   17   33   13 
  21    5    4   17    9   33   13 
  21    5    4   17    9   33   13 
  21    5    4   17    9   33   13 
  21    5    4   17    9   33   13 
  21    5    4   17    9   33   13 
  21    5    4   17    9   33   13 
  21    5    4   17    9   33   13 
  21    5    4   17    9   33   13 
  21    5    4   17    9   33   13 
  21    5    4   17    9   33   13 
  21    5    4   17    9   33   13 
  21    5    4   17    9   33   13 
  21    5    4   17    9   33   13 
  21    5    4   17    9   33   13 
  21    5    4   17    9   33   13 
  21    5    4   17    9   33   13 
  21    5    4   17    9   33   13 
  21    5    4   17    9   33   13 
  21    5    4   17    9   33   13 
  21    5    4   17    9   33   13 
  21    5    4   17    9   33   13 
  21    5    4   17    9   33   13 
  21    5    4   17    9   33   13 
  21    5    4   17    9   33   13 
  21    5    4   17    9   33   13 
  21    5    4   17    9   33   13 
  21    5    4   17    9   33   13 
  21    5    4   17    9   33   13 
  21    5    4   17    9   33   13 
  21    5    4   17    9   33   13 
  21    5    4   17    9   33   13 
  21    5    4   17    9   33   13 
  21    5    4   17    9   33   13 
  21    5    4   17    9   33   13 
  21    5    4   17    9   33   13 
  21    5    4   17    9   33   13 
  21    5    4   17    9   33   13 
  21    5    4   17    9   33   13 
  21    5    4   17    9   33   13 
  21    5    4   17   33   13 
  21    5    4   17   33   13 
  21    5    4   17   33   13 
  21    5    4   17   33   13 
  21    5    4   17   33   13 
  21    5    4   17   33   13 
  21    5    4   17   33   13 
  21    5    4   17   33   13 
  21    5    4   17   33   13 
  21    5    4   17   33   13 
  21    5    4   17   33   13 
  21    5    4   17   33   13 
  21    5    4   17   33   13 
  21    5    4   17   33   13 
  21    5    4   17   33   13 
  21    5    4   17   33   13 
  21    5    4   17   33   13 
  21    5    4   17   33   13 
  21    5    4   17   33   13 
  21    5    4   17   33   13 
  21    5    4   17   33   13 
  21    5    4   17   33   13 
  21    5    4   17   33   13 
  21    5    4   17   33   13 
  21    5    4   17   33   13 
  21    5    4   17   33   13 
  21    5    4   17   33   13 
  21    5    4   17   33   13 
  21    5    4   17   33   13 
  21    5    4   17   33   13 
  21    5    4   17   33   13 
  21    5    4   17   33   13 
  21    5    4   17   33   13 
  21    5    4   17   13 
  21    5    4   17   13 
  21    5    4   17   13 
  21    5    4   17   13 
  21    5    4   17   33   13 
  21    5    4   17   33   13 
  21    5    4   17   33   13 
  21    5    4   17   33   13 
  21    5    4   17   33   13 
  21    5    4   17   33   13 
  21    5    4   17   33   13 
  21    5    4   17   33   13 
  21    5    4   17   33   13 
  21    5    4   17   33   13 
  21    5    4   17   33   13 
  21    5    4   17   33   13 
  21    5    4   17   33   13 
  21    5    4   17   33   13 
  21    5    4   17   33   13 
  21    5    4   17   33   13 
  21    5    4   17   33   13 
  21    5    4   17   33   13 
  21    5    4   17   33   13 
  21    5    4   17   33   13 
  21    5    4   17   33   13 
  21    5    4   17   13 
  21    5    4   17   13 
  21    5    4   17   13 
  21    5    4   17   13 
  21    5    4   17   13 
  21    5    4   17   13 
  21    5    4   17   13 
  21    5    4   17   13 
  21    5    4   17   13 
  21    5    4   17   13 
  21    5    4   17   13 
  21    5    4   17   13 
  21    5    4   17   13 
  21    5    4   17   13 
  21    5    4   17   13 
  21    5    4   17   13 
  21    5    4   17   13 
  21    5    4   17   13 
  21    5    4   17   13 
  21    5    4   17   13 
  21    5    4   17   13 
  21    5    4   17   13   33 
  21    5    4   17   13   33 
  21    5    4   17   13   33 
  21    5    4   17   13   33 
  21    5    4   17   13   33 
  21    5    4   17   13   33 
  21    5    4   17   13   33 
  21    5    4   17   13   33 
  21    5    4   17   13   33 
  21    5    4   17   13   33 
  21    5    4   17   13   33 
  21    5    4   17   13   33 
  21    5    4   17   13   33 
  21    5    4   17   13   33 
  21    5    4   17   13   33 
  21    5    4   17   13   33 
  21    5    4   17   13   33 
  21    5    4   17   13   33 
  21    5    4   17   13   33 
  21    5    4   17   13 
  21    5    4   17   13 
  21    5    4   17   13 
  21    5    4   17   13 
  21    5    4   17   13 
  21    5    4   17   13 
  21    5    4   17   13 
  21    5    4   17   13 
  21    5    4   17   13 
  21    5    4   17   13 
  21    5    4   17   13 
  21    5    4   17   13 
  21    5    4   17   13 
  21    5    4   17   13 
  21    5    4   17   13 
  21    5    4   17   13 
  21    5    4   17   13 
  21    5    4   17   13 
  21    5    4   17   13 
  21    5    4   17   13 
  21    5    4   17   13 
  21    5    4   17   13 
  21    5    4   17   13 
  21    5    4   17   13 
  21    5    4   17   13 
  21    5    4   17   13 
  21    5    4   17   13 
  21    5    4   17   13   33 
  21    5    4   17   13   33 
  21    5    4   17   13   33 
  21    5    4   17   13   33 
  21    5    4   17   13   33 
  21    5    4   17   13   33 
  21    5    4   17   13   33 
  21    5    4   17   13 
  21    5    4   17   13 
  21    5    4   17   13 
  21    5    4   17   13 
  21    5    4   17   13 
  21    5    4   17   13 
  21    5    4   17   13 
  21    5    4   17   13 
  21    5    4   17   13 
  21    5    4   17   13 
  21    5    4   17   13 
  21    5    4   17   13 
  21    5    4   17   13 
  21    5    4   17   13 
  21    5    4   17   13 
  21    5    4   17   13 
  21    5    4   17   13 
  21    5    4   17   13 
  21    5    4   17   13 
  21    5    4   17   13 
  21    5    4   17   13 
  21    5    4   17   13 
  21    5    4   17   13 
  21    5    4   17   13 
  21    5    4   17   13 
  21    5    4   17   13 
  21    5    4   17   13 
  21    5    4   17   13 
  21    5    4   17   13 
  21    5    4   17   13 
  21    5    4   17   13 
   5   21    4   17   13 
  21    5    4   17   13 
   5   21    4   17   13 
  21    5    4   17   13 
  21    5    4   17   13 
  21    5    4   17   13 
  21    5    4   17   13 
  21    5    4   17   13 
  21    5    4   17   13 
   5   21    4   17   13 
  21    5    4   17   13 
  21    5    4   17   13 
   5   21    4   17   13 
  21    5    4   17   13 
  21    5    4   17   13 
  21    5    4   17   13 
  21    5   17    4   13   33 
  21    5   17    4   13   33 
  21    5   17    4   13   33 
  21    5   17    4   13   33 
  21    5   17    4   13   33 
  21    5   17    4   13   33 
  21    5   17    4   13   33 
  21    5   17    4   13   33 
  21    5   17    4   13   33 
  21    5   17    4   13   33 
  21    5   17    4   13   33 
  21    5   17    4   13   33 
  21    5   17    4   13   33 
  21    5   17    4   13   33 
  21    5   17    4   13   33 
  21    5   17    4   13   33 
  21    5   17    4   13   33 
  21    5   17    4   13   33 
  21    5   17    4   13   33 
  21    5   17    4   13   33 
  21    5   17    4   13   33 
  21    5   17    4   13   33 
  21    5   17    4   13   33 
  21    5    4   17   13   33 
   5   21    4   17   13   33 
  21    5    4   17   13   33 
   5   21    4   17   13   33 
  21    5    4   17   13   33 
  21    5    4   17   13   33 
  21    5    4   17   13   33 
   5   21    4   17   13   33 
   5   21    4   17   13   33 
  21    5    4   17   13 
  21    5    4   17   13   33 
  21    5    4   17   13 
  21    5    4   17   13 
  21    5    4   17   13 
  21    5    4   17   13 
  21    5    4   17   13 
  21    5    4   17   13 
  21    5    4   17   13 
  21    5    4   17   13 
  21    5    4   17   13 
  21    5    4   17   13 
  21    5    4   17   13 
  21    5    4   17   13 
  21    5    4   17   13 
  21    5    4   17   13 
  21    5    4   17   13 
  21    5    4   17   13 
  21    5    4   17   13 
  21    5    4   17   13 
  21    5    4   17   13 
  21    5    4   17   13 
  21    5    4   17   13 
  21    5    4   17   13 
  21    5    4   17   13 
  21    5    4   17   13 
  21    5    4   17   13 
  21    5    4   17   13 
  21    5   17    4   13 
  21    5    4   17   13 
  21    5   17    4   13 
  21    5   17    4   13 
  21    5   17    4   13 
  21    5   17    4   13 
  21    5   17    4   13 
  21    5   17    4   13 
  21    5   17    4   13 
  21    5   17    4   13 
  21    5   17    4   13 
  21    5   17    4   13 
  21    5   17    4   13 
  21    5   17    4   13 
  21    5   17    4   13 
  21    5   17    4   13 
  21    5   17    4   13 
  21    5   17    4   13 
  21    5   17    4   13 
  21    5   17    4   13 
  21    5   17    4   13 
  21    5   17    4   13 
  21    5   17    4   13 
  21    5   17    4   13 
  21    5   17    4   13 
  21    5   17    4   13 
  21    5   17    4   13 
  21    5   17    4   13 
  21    5   17    4   13 
  21    5   17    4   13 
  21    5   17    4   13 
  21    5   17    4   13 
  21    5   17    4   13 
  21    5   17    4   13 
  21    5   17    4   13 
  21    5   17    4   13 
  21    5   17    4   13 
  21    5   17    4   13 
  21    5   17    4   13 
  21    5   17    4   13 
  21    5   17    4   13 
  21    5   17    4   13 
  21    5   17    4   13 
  21    5   17    4   13 
  21    5   17    4   13 
  21    5   17    4   13 
  21    5   17    4   13 
  21    5   17    4   13 
  21    5   17    4   13 
  21    5   17    4   13 
  21    5   17    4   13 
  21    5   17    4   13 
  21    5   17    4   13 
  21    5   17    4   13 
  21    5   17    4   13 
  21    5   17    4   13 
  21    5   17    4   13 
  21    5   17    4   13 
  21    5   17    4   13 
  21    5   17    4   13 
  21    5   17    4   13 
  21    5   17    4   13 
  21    5   17    4   13 
  21    5   17    4   13 
  21    5   17    4   13 
  21    5   17    4   13 
  21    5   17    4   13 
  21    5   17    4   13 
  21    5   17    4   13 
  21    5   17    4   13 
  21    5   17    4   13 
  21    5   17    4   13 
  21    5   17    4   13 
  21    5   17    4   13 
  21    5   17    4   13 
  21    5   17    4   13 
  21    5    4   17   13 
  21    5   17    4   13 
  21    5    4   17   13 
  21    5    4   17   13 
  21    5    4   17   13 
  21    5    4   17   13 
  21    5    4   17   13 
  21    5    4   17   13 
  21    5    4   17   13 
  21    5    4   17   13 
  21    5    4   17   13 
  21    5    4   17   13 
  21    5    4   17   13 
  21    5    4   17   13 
  21    5    4   17   13 
  21    5    4   17   13 
  21    5    4   17   13 
  21    5    4   17   13 
  21    5    4   17   13 
  21    5    4   17   13 
  21    5    4   17   13 
  21    5    4   17   13 
  21    5    4   17   13 
  21    5    4   17   13 
  21    5    4   17    9   13 
  21    5    4   17   13 
  21    5    4   17   13 
  21    5    4   17   13 
  21    5    4   17   13 
  21    5    4   17   13 
  21    5    4   17   13 
  21    5    4   17   13 
  21    5    4   17   13 
  21    5    4   17   13 
  21    5    4   17   13 
  21    5    4   17    9   13 
  21    5   17    4   13 
  21    5   17    4   13 
  21    5   17    4   13 
  21    5   17    4   13 
  21    5   17    4   13 
  21    5   17    4   13 
  21    5   17    4   13 
  21    5   17    4   13 
  21    5   17    4   13 
  21    5   17    4   13 
  21    5   17    4   13 
  21    5   17    4   13 
  21    5   17    4   13 
  21    5   17    4   13 
  21    5   17    4   13 
  21    5   17    4   13 
  21    5   17    4   13 
  21    5   17    4   13 
  21    5   17    4   13 
  21    5   17    4   13 
  21    5   17    4   13 
  21    5   17    4   13 
  21    5   17    4    9   13 
  21    5   17    4    9   13 
  21    5    4   17   13 
  21    5   17    4    9   13 
  21    5   17    4    9   13 
  21    5    4   17   13 
  21    5    4   17    9   13 
  21    5    4   17    9   13 
  21    5    4   17    9   13 
  21    5   17    4    9   13 
  21    5   17    4    9   13 
  21    5   17    4    9   13 
  21    5   17    4    9   13 
  21    5   17    4    9   13 
   5   21   17    4    9   13 
   5   21   17    4    9   13 
   5   21   17    4    9   13 
  21    5   17    4   13 
  21    5   17    4   13 
  21    5   17    4   13 
  21    5   17    4   13 
  21    5   17    4   13 
   5   21   17    4   13 
   5   21    4   17   13 
  21    5    4   17   13 
  21    5    4   17   13 
  21    5    4   17   13 
  21    5    4   17   13 
  21    5    4   17   13 
  21    5    4   17   13 
  21    5    4   17   13 
  21    5    4   17   13 
  21    5    4   17   13 
  21    5    4   17   13 
  21    5    4   17   13 
  21    5    4   17   13 
  21    5    4   17   13 
  21    5    4   17   13 
  21    5    4   17   13 
  21    5    4   17   13 
  21    5    4   17   13 
  21    5    4   17   13 
  21    5    4   17   13 
  21    5    4   17   13 
  21    5    4   17   13 
  21    5    4   17   13 
  21    5    4   17   13 
  21    5    4   17   13 
  21    5    4   17   13 
  21    5    4   17   13 
  21    5    4   17   13 
  21    5    4   17   13 
  21    5    4   17   13 
  21    5    4   17   13 
  21    5    4   17   13 
  21    5    4   17   13 
  21    5    4   17   13 
  21    5    4   17   13 
  21    5    4   17   13 
  21    5    4   17   13 
  21    5    4   17   13 
  21    5    4   17   13 
  21    5   17    4   13 
  21    5   17    4   13 
  21    5   17    4   13 
  21    5   17    4   13 
  21    5   17    4   13 
   5   21   17    4   13 
  21    5    4   17   13 
  21    5    4   17   13 
  21    5    4   17   13 
  21    5    4   17   13 
  21    5    4   17   13 
  21    5    4   17   13 
  21    5    4   17   13 
  21    5    4   17   13 
   5   21    4   17   13 
   5   21    4   17   13 
   5   21    4   17   13 
   5   21    4   17   13 
   5   21    4   17   13 
   5   21    4   17   13 
   5   21    4   17   13 
   5   21    4   17   13 
   5   21    4   17   13 
   5   21    4   17   13 
   5   21    4   17   13 
   5   21    4   17   13 
   5   21    4   17   13 
   5   21    4   17   13 
   5   21    4   17   13 
   5   21    4   17   13 
   5   21    4   17   13 
   5   21    4   17   13 
   5   21    4   17   13 
   5   21    4   17   13 
   5   21    4   17   13 
   5   21    4   17   13 
   5   21    4   17   13 
   5   21    4   17   13 
   5   21    4   17   13 
  21    5    4   17   13 
  21    5    4   17   13 
  21    5    4   17   13 
   5   21    4   17   13 
  21    5    4   17   13 
   5   21    4   17   13 
  21    5    4   17   13 
   5   21    4   17   13 
   5   21    4   17   13 
   5   21    4   17   13 
   5   21    4   17   13 
   5   21    4   17   13 
   5   21    4   17   13 
   5   21    4   17   13 
   5   21    4   17   13 
   5   21    4   17   13 
   5   21    4   17   13 
   5   21    4   17   13 
   5   21    4   17   13 
   5   21    4   17   13 
   5   21    4   17   13 
   5   21    4   17   13 
   5   21    4   17   13 
   5   21    4   17   13 
   5   21    4   17   13 
   5   21    4   17   13 
   5   21    4   17   13 
   5   21    4   17   13 
   5   21    4   17   13 
   5   21    4   17   13 
   5   21    4   17   13 
   5   21    4   17   13 
   5   21    4   17   13 
   5   21   17    4   13 
   5   21    4   17   13 
   5   21   17    4   13 
   5   21   17    4   13 
   5   21   17    4   13 
   5   21   17    4   13 
   5   21   17    4   13 
   5   21   17    4   13 
   5   21   17    4   13 
   5   21   17    4   13 
   5   21   17    4   13 
   5   21   17    4   13 
   5   21   17    4   13 
   5   21   17    4   13 
   5   21   17    4   13 
   5   21   17    4   13 
   5   21   17    4   13 
   5   21   17    4   13 
   5   21   17    4   13 
   5   21   17    4   13 
   5   21   17    4   13 
   5   21   17    4   13 
   5   21   17    4   13 
   5   21   17    4   13 
   5   21   17    4   13 
   5   21   17    4   13 
   5   21   17    4   13 
   5   21   17    4   13 
   5   21   17    4   13 
   5   21   17    4   13 
   5   21   17    4   13 
   5   21   17    4   13 
   5   21   17    4   13 
   5   21   17    4   13 
   5   21   17    4   13 
   5   21   17    4   13 
   5   21   17    4   13 
   5   21   17    4   13 
   5   21   17    4   13 
   5   21   17    4   13 
   5   21   17    4 
   5   21   17    4 
   5   21   17    4 
   5   21   17    4 
   5   21   17    4 
   5   21   17    4 
   5   21   17    4 
   5   21   17    4 
   5   21   17    4 
   5   21   17    4 
   5   21   17    4 
   5   21   17    4 
   5   21   17    4 
   5   21   17    4 
   5   21   17    4 
   5   21   17    4 
   5   21   17    4 
   5   21   17    4 
   5   21   17    4   13 
   5   21   17    4   13 
   5   21   17    4   13 
   5   21   17    4   13 
   5   21   17    4   13 
   5   21   17    4   13 
   5   21   17    4   13 
   5   21   17    4   13 
   5   21   17    4   13 
   5   21   17    4   13 
   5   21   17    4   13 
   5   21   17    4   13 
   5   21   17    4   13 
   5   21   17    4   13 
   5   21   17    4   13 
   5   21   17    4   13 
   5   21   17    4   13 
   5   21   17    4   13 
   5   21   17    4   13 
   5   21   17    4   13 
   5   21   17    4   13 
   5   21   17    4   13 
   5   21   17    4   13 
   5   21   17    4   13 
   5   21   17    4   13 
   5   21   17    4   13 
   5   21   17    4   13 
   5   21   17    4   13 
   5   21   17    4   13 
   5   21   17    4   13 
   5   21   17    4   13 
   5   21   17    4 
   5   21   17    4 
   5   21   17    4   13 
   5   21   17    4   13 
   5   21   17    4   13 
   5   21   17    4 
   5   21   17    4   13 
   5   21   17    4 
   5   21   17    4   13 
   5   21   17    4 
   5   21   17    4 
   5   21   17    4 
   5   21   17    4   13 
   5   21   17    4   13 
   5   21   17    4   13 
   5   21   17    4 
   5   21   17    4 
   5   21   17    4 
   5   21   17    4 
   5   21   17    4 
   5   21   17    4 
   5   21   17    4 
   5   21   17    4   13 
   5   21   17    4   13 
   5   21   17    4   13 
   5   21   17    4   13 
   5   21   17    4   13 
   5   21   17    4   13 
   5   21   17    4   13 
   5   21   17    4   13 
   5   21   17    4   13 
   5   21   17    4   13 
   5   21   17    4   13 
   5   21   17    4   13 
   5   21   17    4   13 
   5   21   17    4   13 
   5   21   17    4   13 
   5   21   17    4   13 
   5   21   17    4   13 
   5   21   17    4   13 
   5   21   17    4   13 
   5   21   17    4   13 
   5   21   17    4   13 
   5   21   17    4   13 
   5   21   17    4   13 
   5   21   17    4   13 
   5   21   17    4   13 
   5   21   17    4   13 
   5   21   17    4   13 
   5   21   17    4   13 
   5   21   17    4   13 
   5   21   17    4   13 
   5   21   17    4   13 
   5   21   17    4   13 
   5   21   17    4   13 
   5   21   17    4   13 
   5   21   17    4   13 
   5   21   17    4   13 
   5   21   17    4   13 
   5   21   17    4   13 
   5   21   17    4   13 
   5   21   17    4   13 
   5   21   17    4   13 
   5   21   17    4   13 
   5   21   17    4   13 
   5   21   17    4   13 
   5   21   17    4   13 
   5   21   17    4   13 
   5   21   17    4   13 
   5   21   17    4   13 
   5   21   17    4   13 
   5   21   17    4   13 
   5   21   17    4   13 
   5   21   17    4   13 
   5   21   17    4   13 
   5   21   17    4   13 
   5   21   17    4   13 
   5   21   17    4   13 
   5   21   17    4   13 
   5   21   17    4   13 
   5   21   17    4   13 
   5   21   17    4   13 
   5   21   17    4   13 
   5   21   17    4   13 
   5   21   17    4   13 
   5   21   17    4   13 
   5   21   17    4   13 
   5   21   17    4   13 
   5   21   17    4   13 
   5   21   17    4   13 
   5   21   17    4   13 
   5   21   17    4   13 
   5   17   21    4   13 
   5   17   21    4   13 
   5   21   17    4   13 
   5   17   21    4   13 
   5   17   21    4   13 
   5   17   21    4   13 
   5   21   17    4   13 
   5   17   21    4   13 
   5   17   21    4   13 
   5   17   21    4   13 
   5   17   21    4   13 
   5   17   21    4   13 
   5   17   21    4   13 
   5   17   21    4   13 
   5   17   21    4   13 
   5   17   21    4   13 
   5   17   21    4   13 
   5   17   21    4   13 
   5   17   21    4   13 
   5   17   21    4   13 
   5   17   21    4   13 
   5   17   21    4   13 
   5   17   21    4   13 
   5   17   21    4   13 
   5   17   21    4   13 
   5   17   21    4   13 
   5   17   21    4   13 
   5   17   21    4   13 
   5   17   21    4   13 
   5   17   21    4   13 
   5   17   21    4   13 
   5   17   21    4   13 
   5   17   21    4   13 
   5   17   21    4   13 
   5   17   21    4   13 
   5   17   21    4   13 
   5   17   21    4   13 
   5   17   21    4   13 
   5   17   21    4   13 
   5   17   21    4   13 
   5   17   21    4   13 
   5   17   21    4   13 
   5   17   21    4   13 
   5   17   21    4   13 
   5   17   21    4   13 
   5   17   21    4   13 
   5   17   21    4   13 
   5   17   21    4   13 
   5   17   21    4   13 
   5   17   21    4   13 
   5   17   21    4   13 
   5   17   21    4   13 
   5   17   21    4   13 
   5   17   21    4   13 
   5   17   21    4   13 
   5   17   21    4   13 
   5   17   21    4   13 
   5   17   21    4   13 
   5   17   21    4   13 
   5   17   21    4   13 
   5   17   21    4   13 
   5   17   21    4   13 
   5   17   21    4   13 
   5   17   21    4   13 
   5   17   21    4   13 
   5   17   21    4   13 
   5   17   21    4   13 
   5   17   21    4   13 
   5   17   21    4   13 
   5   17   21    4   13 
   5   17   21    4   13 
   5   17   21    4   13 
   5   17   21    4   13 
   5   17   21    4   13 
   5   17   21    4   13 
   5   17   21    4   13 
   5   17   21    4   13 
   5   17   21    4   13 
   5   17   21    4   13 
   5   17   21    4   13 
   5   17   21    4   13 
   5   17   21    4   13 
   5   17   21    4   13 
   5   17   21    4   13 
   5   17   21    4   13 
   5   17   21    4   13 
   5   17   21    4   13 
   5   17   21    4   13 
   5   17   21    4   13 
   5   17   21    4   13 
   5   17   21    4   13 
   5   17   21    4   13 
   5   17   21    4   13 
   5   17   21    4   13 
   5   17   21    4   13 
   5   17   21    4   13 
   5   17   21    4   13 
   5   17   21    4   13 
   5   17   21    4   13 
   5   17   21    4   13 
   5   17   21    4   13 
   5   17   21    4   13 
   5   17   21    4   13 
   5   17   21    4   13 
   5   17   21    4   13 
   5   17   21    4   13 
   5   17   21    4   13 
   5   17   21    4   13 
   5   17   21    4   13 
   5   17   21    4   13 
   5   17   21    4   13 
   5   17   21    4   13 
   5   17   21    4   13 
  17    5   21    4   13 
  17    5   21    4   13 
  17    5   21    4   13 
  17    5   21    4   13 
   5   17   21    4   13 
  17    5   21    4   13 
   5   17   21    4   13 
  17    5   21    4   13 
   5   17   21    4   13 
   5   17   21    4   13 
   5   17   21    4   13 
   5   17   21    4   13 
   5   17   21    4   13 
   5   17   21    4   13 
   5   17   21    4   13 
   5   17   21    4   13 
   5   17   21    4   13 
   5   17   21    4   13 
   5   17   21    4   13 
   5   17   21    4   13 
   5   17   21    4   13 
   5   17   21    4   13 
   5   17   21    4   13 
   5   17   21    4   13 
   5   17   21    4   13 
   5   17   21    4   13 
   5   17   21    4   13 
   5   17   21    4   13 
   5   17   21    4   13 
   5   17   21    4   13 
   5   17   21    4   13 
   5   17   21    4   13 
   5   17   21    4   13 
   5   17   21    4   13 
   5   17   21    4   13 
   5   17   21    4   13 
   5   17   21    4   13 
   5   17   21    4   13 
   5   17   21    4   13 
   5   17   21    4   13 
   5   17   21    4   13 
   5   17   21    4   13 
   5   17   21    4   13 
   5   17   21    4   13 
   5   17   21    4   13 
   5   17   21    4   13 
   5   17   21    4   13 
   5   17   21    4   13 
   5   17   21    4   13 
   5   17   21    4   13 
   5   17   21    4   13 
   5   17   21    4   13 
   5   17   21    4   13 
   5   17   21    4   13 
   5   17   21    4   13 
   5   17   21    4   13 
   5   17   21    4   13 
   5   17   21    4   13 
   5   17   21    4   13 
   5   17   21    4   13 
   5   17   21    4   13 
   5   17   21    4   13 
   5   17   21    4   13 
   5   17   21    4   13 
   5   17   21    4   13 
   5   17   21    4   13 
   5   17   21    4   13 
   5   17   21    4   13 
   5   17   21    4   13 
   5   17   21    4   13 
   5   17   21    4   13 
   5   17   21    4   13 
   5   17   21    4   13 
   5   17   21    4   13 
   5   17   21    4   13 
   5   17   21    4   13 
   5   17   21    4   13 
   5   17   21    4   13 
   5   17   21    4   13 
   5   17   21    4   13 
   5   17   21    4   13 
   5   17   21    4   13 
   5   17   21    4   13 
   5   17   21    4   13 
   5   17   21    4   13 
   5   17   21    4   13 
   5   17   21    4   13 
   5   17   21    4   13 
   5   17   21    4   13 
   5   17   21    4   13 
   5   17   21    4   13 
   5   17   21    4   13 
   5   17   21    4   13 
   5   17   21    4   13 
   5   17   21    4   13 
   5   17   21    4   13 
   5   17   21    4   13 
   5   17   21    4   13 
   5   17   21    4   13 
   5   17   21    4   13 
   5   17   21    4   13 
   5   17   21    4   13 
   5   17   21    4   13 
   5   17   21    4   13 
   5   17   21    4   13 
   5   17   21    4   13 
   5   17   21    4   13 
   5   17   21    4   13 
   5   17   21    4   13 
   5   17   21    4   13 
   5   17   21    4   13 
   5   17   21    4   13 
   5   17   21    4   13 
   5   17   21    4   13 
   5   17   21    4   13 
  17    5   21    4   13 
  17    5   21    4   13 
  17    5   21    4   13 
  17    5   21    4   13 
  17    5   21    4   13 
  17    5   21    4   13 
  17    5   21    4   13 
  17    5   21    4   13 
  17    5   21    4   13 
  17    5   21    4   13 
   5   17   21    4   13 
   5   17   21    4   13 
   5   17   21    4   13 
   5   17   21    4   13 
   5   17   21    4   13 
   5   17   21    4   13 
   5   17   21    4   13 
  17    5   21    4   13 
   5   21   17    4   13 
   5   21   17    4   13 
   5   21   17    4   13 
   5   21   17    4   13 
   5   21   17    4   13 
   5   21   17    4   13 
   5   21   17    4   13 
   5   21   17    4   13 
   5   17   21    4   13 
   5   17   21    4   13 
   5   17   21    4   13 
   5   17   21    4   13 
   5   17   21    4   13 
   5   17   21    4   13 
   5   17   21    4   13 
   5   17   21    4   13 
   5   17   21    4   13 
   5   17   21    4   13 
   5   17   21    4   13 
   5   17   21    4   13 
   5   17   21    4   13 
   5   17   21    4   13 
   5   17   21    4   13 
   5   17   21    4   13 
   5   17   21    4   13 
   5   17   21    4   13 
   5   17   21    4   13 
   5   17   21    4   13 
   5   17   21    4   13 
   5   17   21    4   13 
   5   17   21    4   13 
   5   17   21    4   13 
   5   17   21    4   13 
   5   17   21    4   13 
   5   17   21    4   13 
   5   17   21    4   13 
   5   17   21    4   13 
   5   17   21    4   13 
   5   17   21    4   13 
   5   17   21    4   13 
   5   17   21    4   13 
   5   17   21    4   13 
   5   17   21    4   13 
   5   17   21    4   13 
   5   17   21    4   13 
   5   17   21    4   13 
   5   17   21    4   13 
   5   17   21    4   13 
   5   17   21    4   13 
   5   17   21    4   13 
   5   17   21    4   13 
   5   17   21    4   13 
   5   17   21    4   13 
   5   17   21    4   13 
   5   17   21    4   13 
   5   17   21    4   13 
   5   17   21    4   13 
   5   17   21    4   13 
   5   17   21    4   13 
   5   17   21    4   13 
   5   17   21    4   13 
   5   17   21    4   13 
   5   17   21    4   13 
   5   17   21    4   13 
   5   17   21    4   13 
   5   17   21    4   13 
   5   17   21    4   13 
   5   17   21    4   13 
   5   17   21    4   13 
   5   17   21    4   13 
   5   17   21    4   13 
   5   17   21    4   13 
   5   17   21    4   13 
   5   17   21    4   13 
   5   17   21    4   13 
   5   17   21    4   13 
   5   17   21    4   13 
   5   17   21    4   13 
   5   17   21    4   13 
   5   17   21    4   13 
   5   17   21    4   13 
   5   17   21    4   13 
   5   17   21    4   13 
   5   17   21    4   13 
   5   17   21    4   13 
   5   17   21    4   13 
   5   17   21    4   13 
   5   17   21    4   13 
   5   17   21    4   13 
   5   17   21    4   13 
   5   17   21    4   13 
   5   17   21    4   13 
   5   17   21    4   13 
   5   17   21    4   13 
   5   17   21    4   13 
   5   17   21    4   13 
   5   17   21    4   13 
   5   17   21    4   13 
   5   17   21    4   13 
   5   17   21    4   13 
   5   17   21    4   13 
   5   17   21    4   13 
   5   17   21    4   13 
   5   17   21    4   13 
   5   17   21    4   13 
   5   17   21    4   13 
   5   17   21    4   13 
   5   17   21    4   13 
   5   17   21    4   13 
   5   17   21    4   13 
   5   17   21    4   13 
   5   17   21    4   13 
   5   17   21    4   13 
   5   17   21    4   13 
   5   17   21    4   13 
   5   17   21    4   13 
   5   17   21    4   13 
   5   17   21    4   13 
   5   17   21    4   13 
   5   17   21    4   13 
   5   17   21    4   13 
   5   17   21    4   13 
   5   17   21    4   13 
   5   17   21    4   13 
   5   17   21    4   13 
   5   17   21    4   13 
   5   17   21    4   13 
   5   17   21    4   13 
   5   17   21    4   13 
   5   17   21    4   13 
   5   17   21    4   13 
   5   17   21    4   13 
   5   17   21    4   13 
   5   17   21    4   13 
   5   17   21    4   13 
   5   17   21    4   13 
   5   17   21    4   13 
   5   17   21    4   13 
   5   17   21    4   13 
   5   17   21    4   13 
   5   17   21    4   13 
   5   17   21    4   13 
   5   17   21    4   13 
   5   17   21    4   13 
   5   17   21    4   13 
   5   17   21    4   13 
   5   17   21    4   13 
   5   17   21    4   13 
   5   17   21    4   13 
   5   17   21   13    4 
   5   17   21   13    4 
   5   17   21   13    4 
   5   17   21   13    4 
   5   17   21   13    4 
   5   17   21   13    4 
   5   17   21   13    4 
   5   17   21   13    4 
   5   17   21   13    4 
   5   17   21   13    4 
   5   17   21   13    4 
   5   17   21   13    4 
   5   17   21   13    4 
   5   17   21   13    4 
   5   17   21   13    4 
   5   17   21   13    4 
  17    5   21   13    4 
   5   17   21    4   13 
  17    5   21   13    4 
   5   21   17   13    4 
   5   21   17   13    4 
   5   21   17   13    4 
   5   21   17   13    4 
   5   17   21   13    4    9 
   5   17   21   13    4    9 
   5   17   21   13    4    9 
   5   17   21   13    4    9 
   5   17   21   13    4    9 
   5   17   21   13    4    9 
   5   17   21   13    4    9 
   5   17   21   13    4    9 
   5   17   21   13    4    9 
   5   17   21   13    4    9 
   5   17   21   13    4    9 
   5   17   21   13    4    9 
   5   17   21   13    4    9 
   5   17   21   13    4    9 
   5   17   21   13    4    9 
   5   17   21   13    4    9 
   5   17   21   13    4    9 
   5   17   21   13    4    9 
   5   17   21   13    4    9 
   5   17   21   13    4    9 
   5   17   21   13    4    9 
   5   17   21   13    4    9 
   5   17   21   13    4    9 
   5   17   21   13    4    9 
   5   17   21   13    4    9 
   5   17   21   13    4    9 
   5   17   21   13    4    9 
   5   17   21   13    4    9 
   5   17   21   13    4    9 
   5   17   21   13    4    9 
   5   17   21   13    4    9 
   5   17   21   13    4    9 
  17    5   21   13    4    9 
   5   17   21    4   13    9 
  17    5   21   13    4    9 
   5   21   17   13    4    9 
   5   21   17   13    4    9 
   5   21   17   13    4    9 
   5   17   21   13    4    9 
   5   17   21   13    4    9 
   5   17   21   13    4    9 
   5   17   21   13    4    9 
   5   17   21   13    4    9 
   5   17   21   13    4    9 
   5   17   21   13    4    9 
   5   17   21   13    4    9 
   5   17   21   13    4    9 
   5   17   21   13    4    9 
   5   17   21   13    4    9 
   5   17   21   13    4    9 
   5   17   21   13    4    9 
   5   17   21   13    4    9 
   5   17   21   13    4    9 
   5   17   21   13    4    9 
   5   17   21   13    4    9 
   5   17   21   13    4    9 
   5   17   21   13    4    9 
   5   17   21   13    4    9 
   5   17   21   13    4    9 
   5   17   21   13    4    9 
   5   17   21   13    4    9 
   5   17   21   13    4    9 
   5   17   21   13    4    9 
   5   17   21   13    4    9 
   5   17   21   13    4    9 
   5   17   21   13    4    9 
   5   17   21   13    4    9 
   5   17   21   13    4    9 
   5   17   21   13    4    9 
   5   17   21   13    4    9 
   5   17   21   13    4    9 
   5   17   21   13    4    9 
  17    5   21   13    1    4    9 
   5   17   21   13    4    9 
  17    5   21   13    1    4    9 
  17    5   21   13    9    4 
  17    5   21   13    1    4    9 
  17    5   21   13    9    4 
  17    5   21   13    9    4 
  17    5   21   13    9    4 
  17    5   21   13    9    4 
  17    5   21   13    9    4 
  17    5   21   13    9    4 
  17    5   21   13    9    4 
  17    5   21   13    9    4 
  17    5   21   13    9    4 
  17    5   21   13    9    4 
  17    5   21   13    9    4 
  17    5   21   13    9    4 
  17    5   21   13    9    4 
  17    5   21   13    9    4 
  17    5   21   13    9    4 
  17    5   21   13    9    4 
  17    5   21   13    9    4 
  17    5   21   13    9    4 
  17    5   21   13    9    4 
  17    5   21   13    9    4 
   5   17   21   13    4    9 
  17    5   21   13    4    9 
   5   17   21   13    4    9 
   5   17   21   13    4    9 
   5   17   21   13    4    9 
   5   17   21   13    4    9 
   5   17   21   13    4    9 
   5   17   21   13    4    9 
   5   17   21   13    4    9 
   5   17   21   13    4    9 
   5   17   21   13    4    9 
   5   17   21   13    4    9 
   5   17   21   13    4    9 
   5   17   21   13    4    9 
   5   17   21   13    4    9 
   5   17   21   13    4    9 
   5   17   21   13    4    9 
  17    5   21   13    4    9 
   5   17   21   13    4    9 
  17    5   21   13    4    9 
  17    5   21   13    4    9 
  17    5   21   13    4    9 
  17    5   21   13    4    9 
  17    5   21   13    4    9 
  17    5   21   13    4    9 
  17    5   21   13    4    9 
  17    5   21   13    4    9 
  17    5   21   13    9    4 
  17    5   21   13    9    4 
  17    5   21   13    9    4 
  17    5   21   13    9    4 
  17    5   21    9   13    4 
  17    5   21    9   13    4 
  17    5   21    9   13    4 
   5   17   21    9   13    4 
  17    5   21    9   13    4 
  17    5   21   13    4    9 
  17    5   21   13    4    9 
  17    5   21   13    4    9 
  17    5   21   13    4    9 
  17    5   21   13    4    9 
  17    5   21   13    4    9 
  17    5   21   13    4    9 
  17    5   21   13    4    9 
  17    5   21   13    4    9 
  17    5   21   13    4    9 
  17    5   21   13    4    9 
   5   17   21   13    4    9 
   5   17   21   13    4    9 
   5   17   21   13    4    9 
   5   17   21   13    4    9 
   5   17   21   13    4    9 
   5   17   21   13    4    9 
   5   17   21   13    4    9 
   5   17   21   13    4    9 
   5   17   21   13    4    9 
   5   17   21   13    4    9 
  17    5   21   13    4    9 
   5   17   21   13    4    9 
  17    5   21   13    4    9 
  17    5   21   13    4    9 
  17    5   21   13    4    9 
  17    5   21   13    4    9 
  17    5   21   13    4    9 
  17    5   21   13    4    9 
  17    5   21   13    9    4 
  17    5   21   13    9    4 
  17    5   21   13    9    4 
  17    5   21   13    9    4 
  17    5   21   13    9    4 
  17    5   21   13    9    4 
  17    5   21   13    9    4 
  17    5   21   13    9    4 
  17    5   21   13    9    4 
  17    5   21    9   13    4 
  17    5   21    9   13    4 
  17    5   21    9   13    4 
  17    5   21   13    9    4 
  17    5   21   13    9    4 
  17    5   21   13    9    4 
   5   17   21   13    9    4 
   5   17   21   13    9    4 
  17    5   21   13    9    4 
   5   17   21   13    4    9 
   5   17   21   13    4    9 
  17    5   21   13    4    9 
  17    5   21   13    4    9 
   5   17   21   13    4    9 
   5   17   21   13    4    9 
   5   17   21   13    4    9 
   5   17   21   13    4    9 
   5   17   21   13    4    9 
   5   17   21   13    4    9 
   5   17   21   13    4    9 
   5   17   21   13    4    9 
   5   17   21   13    4    9 
   5   17   21   13    4    9 
   5   17   21   13    4    9 
   5   17   21   13    9    4 
  17    5   21   13    4    9 
   5   17   21   13    4    9 
   5   17   21    4   13    9 
   5   17   21    4   13    9 
   5   17   21    4   13    9 
   5   17   21    4   13    9 
   5   17   21    4   13    9 
   5   17   21    4   13    9 
   5   17   21    4   13    9 
   5   17   21    4   13    9 
   5   17   21    4   13    9 
   5   17   21    4   13    9 
   5   17   21    4   13    9 
   5   17   21    4   13    9 
   5   17   21    4   13    9 
   5   17   21    4   13    9 
   5   17   21    4   13    9 
   5   17   21    4   13    9 
   5   17   21    4   13    9 
   5   17   21    4   13    9 
   5   17   21   13    4    9 
   5   17   21   13    4    9 
  17    5   21   13    4    9 
   5   17   21   13    4    9 
   5   17   21   13    4    9 
   5   17   21   13    4    9 
  17    5   21   13    4    9 
  17    5   21   13    4    9 
   5   17   21    4   13    9 
   5   17   21    4   13    9 
   5   17   21    4   13    9 
   5   17   21    4   13    9 
   5   17   21    4   13    9 
   5   17   21    4   13    9 
   5   17   21    4   13    9 
   5   17   21   13    4    9 
   5   17   21   13    4    9 
   5   17   21   13    4    9 
   5   17   21   13    4    9 
   5   17   21   13    4    9 
   5   17   21   13    4    9 
   5   17   21   13    4    9 
   5   17   21   13    4    9 
   5   17   21   13    4    9 
   5   17   21   13    4    9 
   5   17   21   13    4    9 
   5   17   21   13    4    9 
   5   17   21   13    4    9 
   5   17   21   13    4    9 
   5   17   21   13    4    9 
   5   17   21   13    4    9 
   5   17   21   13    4    9 
   5   17   21   13    4    9 
   5   17   21   13    4    9 
   5   17   21   13    4    9 
   5   17   21   13    4    9 
   5   17   21   13    4    9 
   5   17   21   13    4    9 
   5   17   21   13    4    9 
  17    5   21   13    4    9 
   5   17   21   13    4    9 
  17    5   21   13    4    9 
   5   17   21   13    4    9 
   5   17   21   13    4    9 
   5   17   21   13    4    9 
   5   17   21   13    4    9 
   5   17   21   13    4    9 
   5   17   21   13    4    9 
   5   17   21   13    4    9 
   5   17   21   13    4    9 
   5   17   21   13    4    9 
   5   17   21   13    4    9 
   5   17   21   13    4    9 
   5   17   21   13    4    9 
   5   17   21   13    4    9 
  17    5   21   13    4    9 
   5   17   21    4   13    9 
  17    5   21   13    4    9   49   48 
   5   17   21    4   13    9 
  17    5   21    4   13    9   49   48 
  17    5   21    4   13    9 
  17    5   21   13    4    9 
  17    5   21   13    4    9 
  17    5   21   13    4    9 
  17    5   21   13    4    9 
  17    5   21   13    4    9 
  17    5   21   13    4    9 
  17    5   21   13    4    9 
  17    5   21   13    4    9 
  17    5   21   13    4    9 
  17    5   21   13    4    9 
  17    5   21   13    4    9 
  17    5   21   13    4    9 
   5   17   21    4   13    9 
   5   17   21    4   13    9 
   5   17   21   13    4    9 
   5   17   21   13    4    9 
   5   17   21   13    4    9 
   5   17   21   13    4    9 
   5   17   21   13    4    9 
   5   17   21   13    4    9 
   5   17   21   13    4    9 
   5   17   21   13    4    9 
   5   17   21   13    4    9 
   5   17   21   13    4    9 
  17    5   21   13    4    9 
  17    5   21   13    4    9 
  17    5   21   13    4    9 
  17    5   21   13    4    9 
   5   17   21   13    4    9 
   5   17   21   13    4    9 
   5   17   21   13    4    9 
   5   17   21   13    4    9 
   5   17   21   13    4    9 
  17    5   21   13    4    9 
  17    5   21   13    4    9 
   5   17   21   13    4    9 
   5   17   21   13    4    1    9 
  17    5   21   13    4    9 
  17    5   21   13    4    9 
  17    5   21   13    4    9 
  17    5   21   13    4    1    9 
  17    5   21   13    4    1    9 
  17    5   21   13    4    1    9 
  17    5   21   13    4    1    9 
  17    5   21   13    4    1    9 
  17    5   21   13    4    1    9 
  17    5   21   13    4    1    9 
  17    5   21   13    4    1    9 
  17    5   21   13    4    1    9 
  17    5   21   13    4    1    9 
  17    5   21   13    4    1    9 
   5   17   21   13    4    1    9 
   5   17   21   13    4    1    9 
   5   17   21   13    4    1    9 
  17    5   21   13    4    1    9 
  17    5   21   13    4    1    9 
   5   17   21   13    4    1    9 
   5   17   21   13    4    1    9 
   5   17   21   13    4    1    9 
   5   17   21   13    4    1    9 
   5   17   21   13    4    1    9 
   5   17   21   13    4    1    9 
   5   17   21   13    4    1    9 
   5   17   21   13    4    1    9 
   5   17   21   13    4    9 
   5   17   21   13    4    9 
   5   17   21   13    4    9 
   5   17   21   13    4    9 
   5   17   21   13    4    9 
   5   17   21   13    4    9 
   5   17   21   13    4    9 
   5   17   21   13    4    9 
   5   17   21   13    4    9 
   5   17   21   13    4    9 
   5   17   21   13    4    9 
   5   17   21   13    4    9 
  17    5   21   13    4    9 
  17    5   21   13    1    4    9 
  17    5   21   13    4    9 
  17    5   21   13    1    4    9 
  17    5   21   13    9    4 
  17    5   21   13    9    4 
  17    5   21   13    9    4 
  17    5   21   13    9    4 
  17    5   21   13    9    4 
  17    5   21   13    9    4 
  17    5   21   13    9    4 
  17    5   21   13    9    4 
   5   17   21   13    9    4 
   5   17   21   13    9    4 
   5   17   21   13    9    4 
   5   17   21   13    9    4 
   5   17   21   13    9    4 
   5   17   21   13    9    4 
   5   17   21   13    9    4 
   5   17   21   13    9    4 
   5   17   21   13    9    4 
   5   17   21   13    9    4 
   5   17   21   13    9    4 
   5   17   21   13    9    4 
   5   17   21   13    9    4 
   5   17   21   13    9    4 
   5   17   21   13    9    4 
   5   17   21   13    9    4 
   5   17   21   13    9    4 
   5   17   21   13    9    4 
  17    5   21   13    9    4 
   5   17   21   13    9    4 
  17    5   21   13    4    9 
   5   17   21   13    4    9 
   5   17   13   21    9    4 
  17    5   13   21    9    4 
  17    5   13   21    9    4 
  17    5   13   21    9    4 
  17    5   13   21    9    4 
  17    5   13   21    9    4 
  17    5   13   21    9    4 
  17    5   13   21    9    4 
  17    5   13   21    9    4 
  17    5   13   21    9    4 
  17    5   13   21    9    4 
  17    5   13   21    9    4 
  17    5   13   21    9    4 
  17    5   13   21    9    4 
  17    5   13   21    9    4 
  17    5   13   21    9    4 
  17    5   21   13    9    4 
  17    5   21   13    9    4 
  17    5   21   13    9    4 
  17    5   13   21    9    4 
  17    5   13   21    9    4 
  17    5   21   13    9    4 
  17    5   21   13    9    4 
  17    5   13   21    9    4 
  17    5   13   21    9    4 
  17    5   21   13    9    4 
  17    5   13   21    9    4 
  17    5   13   21    9    4 
  17    5   21   13    9    4 
  17    5   13   21    9    4 
  17    5   21   13    9    4 
  17    5   13   21    9    4 
  17    5   21   13    9    4 
  17    5   13   21    9    4 
   5   17   21   13    9    4 
  17    5   13   21    4    9 
   5   17   21   13    4    9 
  17    5   13   21    9    4 
  17    5   13   21    9    4 
  17    5   13    9   21    4 
  17    5   13    9   21    4 
  17    5   13    9   21    4 
  17    5   13    9   21    4 
  17    5   13    9   21    4 
  17    5   13    9   21    4 
  17    5   13    9   21    4 
  17    5   13    9   21    4 
  17    5   13    9   21    4 
  17    5   13    9   21    4 
  17    5   13    9   21    4 
  17    5   13    9   21    4 
  17    5   13    9   21    4 
  17    5   13    9   21    4 
  17    5   13    9   21    4 
  17    5   13    9   21    4 
  17    5   13    9   21    4 
  17    5   13   21    9    4 
  17    5   13   21    9    4 
  17    5   13   21    9    4 
  17    5   13   21    9    4 
  17    5   13   21    9    4 
  17    5   13   21    9    4 
  17    5   13   21    9    4 
  17    5   13   21    9    4 
  17    5   13   21    9    4 
  17    5   13   21    9    4 
  17    5   13   21    9    4 
  17    5   13   21    9    4 
  17    5   13   21    9    4 
  17    5   13   21    9    4 
  17    5   13   21    9    4 
  17    5   13   21    9    4 
  17    5   13   21    9    4 
  17    5   13   21    9    4 
   5   17   13   21    9    4 
  17    5   13   21    4    9 
   5   17   21   13    4    9 
  13   17    5    9   21    4 
  13   17    5    9   21    4 
  13   17    5    9   21    4 
  13   17    5    9   21    4 
  13   17    5    9   21    4 
  17   13    5    9   21    4 
  17   13    5    9   21    4 
  17   13    5    9   21    4 
  17   13    5    9   21    4 
  17   13    5    9   21    4 
  17   13    5    9   21    4 
  17   13    5    9   21    4 
  17   13    5    9   21    4 
  17   13    5    9   21    4 
  17   13    5    9   21    4 
  17   13    5    9   21    4 
  17   13    5    9   21    4 
  17   13    5    9   21    4 
  17   13    5    9   21    4 
  17   13    5    9   21    4 
  17   13    5    9   21    4 
  17   13    5    9   21    4 
  17   13    5    9   21    4 
  17   13    5    9   21    4 
  17   13    5    9   21    4 
  17    5   13    9   21    4 
  17    5   13    9   21    4 
  17    5   13    9   21    4 
  17    5   13    9   21    4 
  17    5   13    9   21    4 
  17    5   13    9   21    4 
  17    5   13    9   21    4 
  17    5   13    9   21    4 
  17   13    5    9   21    4 
  17    5   13   21    9    4 
  17   13    5    9   21    4 
  17    5   13   21    9    4 
  17   13    5    9   21    4 
  17    5   13   21    9    4 
  13   17    5    4    9   21 
  13   17    5    4    9   21 
  13   17    5    4    9   21 
  13   17    5    4    9   21 
  13   17    5    4    9   21 
  13   17    5    4    9   21 
  13   17    5    4    9   21 
  13   17    5    9    4   21 
  13   17    5    9    4   21 
  13   17    5    9    4   21 
  13   17    5    9    4   21 
  13   17    5    9    4   21 
  13   17    5    9    4    1   21 
  17   13    5    9    4    1   21 
  17   13    5    9    4    1   21 
  17   13    5    9    4    1   21 
  17   13    9    5    4    1   21 
  17   13    9    5    4    1   21 
  17   13    9    5    4    1   21 
  17   13    9    5    4    1   21 
  17   13    9    5    4    1   21 
  17   13    9    5    4   21 
  17   13    9    5    4   21 
  17   13    9    5    4   21 
  17   13    9    5    4   21 
  17   13    9    5    4   21 
  17   13    9    5    4   21 
  17   13    9    5    4   21 
  17   13    9    5    4   21 
  17   13    9    5    4   21 
  17   13    9    5    4   21 
  13   17    9    5    4   21 
  13   17    9    5    4   21 
  13   17    9    5    4   21 
  13   17    9    5    4   21 
  13   17    9    5    4   21 
  13   17    9    5    4   21 
  13   17    9    5    4   21 
  13   17    9    5    4   21 
  17   13    9    5    4   21 
  13   17    9    5    4   21 
  13   17    9    5    4   21 
  13   17    9    5    4   21 
  13   17    9    5    1    4   21 
  13   17    9    5    4   21 
  13   17    9    5    1    4   21 
  13   17    9    5    1    4   21 
  13   17    9    5    1    4   21 
  13   17    9    5    1    4   21 
  13   17    9    5    1    4   21 
  17   13    9    5    1    4   21 
  17   13    9    5    1    4   21 
  17   13    9    5    1    4   21 
  17   13    9    5    1    4   21 
  13   17    9    5    4    1   21 
  17   13    9    5    4    1   21 
  13   17    9    5    4    1   21 
  17   13    9    5    4    1   21 
  17   13    9    5    4    1   21 
  17   13    9    5    4    1   21 
  17   13    9    5    4    1   21 
  17   13    9    5    4    1   21 
  17   13    9    5    4    1   21 
  17   13    9    5    4    1   21 
  17   13    9    5    4    1   21 
  17   13    9    5    4    1   21 
  17   13    9    5    4    1   21 
  17   13    9    5    1    4   21 
  17   13    9    5    1    4   21 
  17   13    9    5    1    4   21 
  17   13    9    5    1    4   21 
  17   13    9    5    1    4   21 
  17   13    9    5    1    4   21 
  17   13    9    5    1    4   21 
  17   13    9    5    1    4   21 
  13   17    9    5    1    4   21 
  13   17    9    5    1    4   21 
  13   17    9    5    1    4   21 
  13   17    9    5    1    4   21 
  13    9   17    5    1    4   21 
  17   13    9    5    1    4   21 
  13   17    9    5    1    4   21 
  13   17    9    5    1    4   21 
  13   17    9    5    1    4   21 
  13   17    9    5    1    4   21 
  13   17    9    5    1    4   21 
  13   17    9    5    1    4   21 
  13    9   17    5    1    4   21 
   9   17   13    5    1    4   36   21 
   9   17   13    5    1    4   36   21 
   9   17   13    5    1    4   36   21 
   9   17   13    5    1   36    4   21 
   9   17   13    5    4   36   21 
   9   17   13    5    4   36   21 
   9   17   13    5    1    4   21 
   9   17   13    5    4   21   36 
   9   17   13    5    1    4   21   36 
   9   17   13    5    1    4   21 
   9   17   13    5    1    4   21 
   9   17   13    5    1    4   21 
   9   17   13    5    1    4   21 
   9   17   13    5    1    4   21 
   9   17   13    5    1    4   21 
   9   17   13    5    1    4   21 
   9   17   13    5    1    4   21 
   9   17   13    5    1    4   21 
   9   17   13    5    1    4   21 
   9   17   13    5    1    4   36   21 
   9   17   13    5    1    4   36   21 
  17    9   13    5    1   21    4   36 
   9   17   13    1    5   36    4   21 
  17    9   13    5    1   21    4   36 
  17    9   13    5    1   21    4   36 
  17    9   13    5    1   21   36    4 
   9   17   13    5    1   36   21    4 
   9   17   13    5    1   36   21    4 
  17   13    9    5    1   36   21    4 
  17   13    9    5    1   36   21    4 
  13   17    9    5    1   36   21    4 
  17   13    9    5    1   36   21    4 
  17   13    9    5    1   36   21    4 
  17   13    9    5    1   36   21    4 
  17   13    9    5    1   36   21    4 
  17   13    9    5    1   36   21    4 
  17   13    9    5    1   36   21    4 
  17   13    9    5    1   36   21    4 
  17   13    9    5    1   21   36    4 
  17   13    9    5    1   21   36    4 
  17   13    9    5    1   21   36    4 
  17   13    9    5    1   21   36    4 
  17   13    5    9    1   21    4   36 
  17   13    5    9    1   21    4   36 
  17   13    5    9    1   21    4   36 
  17   13    5    9    1   21    4   36 
  17   13    5    9    1   21    4   36 
  17   13    5    9    1   21    4   36 
  17   13    9    5    1   21    4   36 
  17   13    9    5    1   21    4   36 
  17   13    9    5    1   21   36    4 
  17   13    9    5    1   21    4   36 
  17   13    9    5    1   21   36    4 
  17   13    9    5    1   21   36    4 
  17    9   13    5    1   36   21    4 
  17    9   13    5    1   36   21    4 
  17    9   13    5    1   36   21    4 
  17    9   13    5    1   36   21    4 
  17    9   13    5    1   21   36    4 
   9   17   13    5    1   36    4   21 
  17   13    9    5    1   21    4   36 
   9   17   13    5    1   36    4   21 
  17   13    5    9    1   21    4   36 
   9   13   17    5    1    4   36   21 
  17   13    5    9    1   21    4   36 
  17   13    5    9    1   21    4   36 
  17   13    5    9    1   21    4   36 
  17   13    5    9    1   21    4   36 
  17   13    5    9    1   21    4   36 
  17   13    5    9    1   21    4   36 
  17   13    5    9    1   21    4   36 
  17   13    5    9    1   21    4   36 
  17   13    5    9    1   21    4   36 
  13   17    5    9    1   21    4   36 
  13   17    5    9    1   21   36    4 
  17   13    5    9    1   21    4   36 
  17   13    5    9    1   21    4   36 
  17   13    5    9    1   21    4   36 
  17   13    5    9    1   21    4   36 
  17   13    5    9    1   21    4   36 
  17    5   13    9    1   21    4   36 
  17    5   13    9    1   21    4   36 
  17    5   13    9    1   21    4   36 
  17    5   13    9    1   21    4   36 
  17    5   13    9   21    1    4   36 
  17    5   13    9   21    1    4   36 
  17    5   13    9    1   21    4   36 
  17    5   13    9   21    1    4   36 
  17    5   13    9    1   21    4   36 
  17    5   13    9   21    1    4   36 
  17    5   13    9   21    1    4   36 
  17    5   13    9    1   21    4   36 
  17   13    5    9    1   21    4   36 
  17   13    5    9    1   21    4   36 
  17   13    5    9    1   21    4   36 
  17   13    5    9    1   21    4   36 
  17   13    9    5    1   21    4   36 
  17   13    9    5    1   21    4   36 
  17   13    9    5    1   21    4   36 
  17   13    9    5    1   21    4   36 
  17    5   13    9    1   21    4   36 
  17   13    9    5    1   21    4   36 
  17    5   13    9    1   21    4   36 
  17   13    9    5    1   21    4   36 
  17    5   13    9    1   21    4   36 
  13   17    9    5    1    4   21   36 
  13   17    9    5    1    4   21   36 
  13   17    9    5    1    4   21   36 
  13    9   17    5    1    4   36   21 
  13    9   17    5    1   36    4   21 
  13    9   17    5    1   36    4   21 
  13    9   17    1    5   36    4   21 
  13    9   17    1    5   36    4   21 
  13    9   17    1    5   36    4   21 
  13    9   17    1    5   36    4   21 
  13    9   17    1    5   36    4   21 
  13    9   17    1    5   36    4   21 
  13    9   17    1    5   36    4   21 
  13    9   17    1    5   36    4   21 
  13   17    9    1    5   36    4   21 
  13   17    9    1    5   36    4   21 
  13   17    9    1    5   36    4   21 
  13   17    9    5    1   36    4   21 
  17   13    9    5    1   36   21    4 
  17   13    9    5    1   36   21    4 
  17   13    9    5    1   36   21    4 
  17   13    9    5    1   21   36    4 
  17   13    9    5    1   21   36    4 
  17   13    9    5    1   21   36    4 
  17   13    9    5    1   21   36    4 
  17   13    9    5    1   21    4   36 
  17   13    9    5    1   21    4   36 
  17   13    9    5    1   21    4   36 
  17   13    9    5    1   21    4   36 
  17   13    9    5    1   21    4   36 
  17   13    9    5    1   21    4   36 
  17   13    9    5    1   21    4   36 
  17   13    9    5    1   21    4   36 
  17    9   13    5    1   21    4   36 
  17   13    9    5    1   21    4   36 
  17    9   13    5    1   21    4   36 
  17   13    9    5    1   21   36    4 
  17    9   13    5    1   21   36    4 
  17   13    9    5    1   21    4   36 
  13   17    9    1    5   21   36    4 
  17   13    5    9    1   21    4   36 
  13    9   17    1    5    4   36   21 
   9   13   17    1    5    4   36   21 
   9   13   17    1    5   36    4   21 
   9   13   17    1    5   36    4   21 
   9   13   17    1    5   36    4   21 
   9   13   17    1    5   36    4   21 
   9   13   17    1    5   36    4   21 
  13    9   17    1    5   36    4   21 
   9   13   17    1    5   36    4   21 
  13   17    9    1    5   36    4   21 
  13    9   17    1    5   36    4   21 
  13    9   17    1    5   36    4   21 
  13    9   17    1    5   36    4   21 
  13    9   17    1    5   36    4   21 
  13   17    9    1    5   36    4   21 
  13   17    9    1    5   36    4   21 
  13   17    9    1    5   36    4   21 
  13   17    9    1    5   36    4   21 
  13   17    9    5    1   36    4   21 
  17   13    9    5    1   36    4   21 
  17   13    9    5    1   36   21    4 
  17   13    9    5    1   36   21    4 
  17   13    9    5    1   36   21    4 
  17   13    9    5    1   36   21    4 
  17   13    9    5    1   36   21    4 
  17   13    9    5    1   36   21    4 
  17   13    9    5    1   36   21    4 
  17    9   13    5    1   36   21    4 
  17   13    9    5    1   36   21    4 
  17    9   13    5    1   36   21    4 
  17    9   13    5    1   36   21    4 
  17    9   13    5    1   36   21    4 
  17    9   13    5    1   21   36    4 
  17    9   13    5    1   21   36    4 
  17    9   13    5    1   21    4   36 
  17    9   13    5    1   21   36    4 
  17    9   13    5    1   21    4   36 
   9   17   13    5    1   36    4   21 
  17   13    5    9    1   21    4   36 
   9   13   17    5    1    4   36   21 
  17    5   13    9   21    1    4   36 
  17    5   13    9    1   21    4   36 
  17    5   13    9    1   21    4   36 
  17    5   13    9    1   21    4   36 
  17    5   13    9    1   21    4   36 
  17    5   13    9    1   21   36    4 
  17    5   13    9    1   21   36    4 
  17    5   13    9    1   21   36    4 
  17    5   13    9    1   21   36    4 
  17   13    5    9    1   21   36    4 
  17   13    5    9    1   21    4   36 
  17   13    5    9    1   21   36    4 
  17    5   13    9    1   21   36    4 
  17    5   13    9    1   21   36    4 
  17    5   13    9    1   21   36    4 
  17    5   13    9    1   21   36    4 
  17    5   13    9    1   21    4   36 
  17    5   13    9    1   21    4   36 
  17    5   13    9    1   21    4   36 
  17    5   13    9    1   21    4   36 
  17    5   13    9    1   21    4   36 
  17    5   13    9    1   21    4   36 
  17    5   13    9    1   21    4   36 
  17    5   13    9   21    1    4   36 
  17    5   13    9   21    1    4   36 
  17    5   13    9   21    1    4   36 
  17    5   13    9   21    1    4   36 
  17    5   13    9   21    1    4   36 
  17    5   13    9   21    1    4   36 
   5   17   13    9   21    1    4   36 
   5   17   13    9   21    1    4   36 
  17    5   13    9   21    1    4   36 
  17    5   13    9   21    1    4   36 
  17    5   13    9   21    1    4   36 
  17    5   13    9   21    1    4   36 
   5   17   13    9    1   21    4   36 
   5   17   13    9    1   21    4   36 
   5   17   13    1    9   21    4   36 
   5   17   13    1    9   21    4   36 
   5   17   13    1    9   21    4   36 
   5   17   13    1    9   21    4   36 
   5   17   13    1    9   21    4   36 
   5   17   13    1    9   21    4   36 
   5   17   13    1    9   21    4   36 
   5   17   13    1    9   21    4   36 
   5   17   13    1    9   21    4   36 
   5   17   13    1    9   21    4   36 
   5   17   13    1    9   21    4   36 
   5   17   13    1    9   21    4   36 
  17    5   13    1    9   21   36    4 
   5   17   13    1    9   21   36    4 
   5   17   13    1    9   21   36    4 
   5   17   13    1    9   21   36    4 
   5   17   13    1    9   21   36    4 
   5   17   13    1    9   21   36    4 
