  17    9   60    4   13   21    5   29    1 
  17    9   60    4   13    5   21   29    1 
  17    9   60    4   13    5   21   29    1 
   9   17   60    4   13    5   21   29    1 
   9   17   60    4   13    5   21   29    1 
   9   17   60    4   13    5   21   29    1 
   9   17   60    4   13    5   21   29    1 
  17    9   60    4   13    5   21   29    1 
  17    9   60    4   21   13    5    1   29 
  17    9   60    4   21    5   13    1   29 
  17    9   60   21    4    5   13    1   29 
  17    9   60   21    4    5   13    1   29 
  17    9   60   21    4    5   13    1   29 
  17    9   60   21    4    5   13    1   29 
  17    9   21   60    4    5   13    1   29 
  17    9   21   60    5    4   13    1   29 
  17    9   21   60    5    4   13    1   29 
  17    9   21   60    5    4   13    1   29 
  17    9   21   60    5    4   13    1   29 
  17    9   21   60    5    4   13    1   29 
  17    9   21   60    5    4   13    1   29 
  17    9   21    5   60    4   13    1   29 
  17    9   21    5   60    4   13    1   29 
  17    9   21    5   60    4   13    1   29 
  17    9   21    5   60    4   13    1   29 
  17    9   21    5   60    4   13    1   29 
  17    9   21    5   60    4   13    1   29   61 
  17    9   21    5   60    4   13    1   29   61 
  17    9   21    5   60    4   13    1   29   61 
  17    9   21    5   60    4   13    1   29   61 
  17    9   21    5   60    4   13    1   29   61 
  17   21    9    5   60    4   13    1   29   61 
  17   21    9    5   60    4   13    1   29   61 
  17   21    9    5   60    4   13    1   29   61 
  17   21    9    5   60    4   13    1   29   61 
  17   21    9    5   60    4   13    1   29   61 
  17   21    9    5   60    4   13    1   29   61 
  17   21    9    5   60    4   13    1   29   61 
  17   21    9    5   60    4   13    1   29   61 
  17   21    9    5   60    4   13    1   29   61 
  17   21    9    5   60    4   13    1   29   61 
  17   21    9    5   60    4   13    1   29   61 
  17   21    9    5   60    4   13    1   29   61 
  17   21    9    5   60    4   13    1   29   61 
  17   21    9    5   60    4   13    1   29   61 
  17   21    9    5   60    4   13    1   29   61 
  17   21    9    5   60    4   13    1   61   29 
  17   21    9    5   60    4   13    1   61   29 
  17   21    9    5   60    4   13    1   61   29 
  17   21    9    5   60    4   13    1   29   61 
  17   21    9    5   60    4   13    1   29   61 
  17   21    9    5   60    4   13    1   29   61 
  17   21    9    5   60    4   13    1   29   61 
  17   21    9    5   60    4   13    1   61   29 
  17   21    9    5   60    4   13    1   61   29 
  17   21    9    5   60    4   13    1   61   29 
  17   21    9    5   60    4   13    1   61   29 
  17   21    9    5   60    4   13    1   61   29 
  17   21    9    5   60    4   13    1   61   29 
  17   21    9    5   60    4   13   61    1   29 
  17   21    9    5   60    4   13   61    1   29 
  17   21    9    5   60    4   13   61    1   29 
  17   21    9    5    4   60   13   61    1   29 
  17   21    9    5    4   60   13   61    1   29 
  17   21    9    5    4   60   13   61    1   29 
  17   21    9    5    4   60   13   61    1   29 
  17   21    9    5    4   60   13   61    1   29 
  17   21    9    5    4   60   13   61    1   29 
  17   21    9    5    4   60   13   61    1   29 
  17   21    9    5    4   60   13   61    1   29 
  17   21    9    5    4   60   13   61    1   29 
  17   21    9    5    4   60   13   61    1   29 
  17   21    9    5    4   60   13   61    1   29 
  17   21    9    5    4   60   13   61    1   29 
  17   21    9    5    4   60   13   61    1   29 
  17   21    9    5    4   60   13   61    1   29 
  17   21    9    5    4   60   13   61    1   29 
  17   21    9    5    4   60   13   61    1   29 
  17   21    9    5    4   60   13   61    1   29 
  17   21    9    5    4   60   13   61    1   29 
  17   21    9    5    4   60   13   61    1   29 
  17   21    9    5    4   60   13   61    1   29 
  17   21    9    5    4   60   13   61    1   29 
  17   21    9    5    4   60   13   61    1   29 
  17   21    9    5    4   60   13   61    1   29 
  17   21    9    5    4   60   13   61    1   29 
  17   21    9    5    4   60   13   61    1   29 
  17   21    9    5    4   60   13   61    1   29 
  17   21    9    5    4   60   13   61    1   29 
  17   21    9    5    4   60   13   61    1   29 
  17   21    9    5    4   60   13   61    1   29 
  17   21    9    5    4   60   13   61    1   29 
  17   21    9    5    4   60   13   61    1   29 
  17   21    9    5    4   60   13   61    1   29 
  17   21    9    5    4   60   13   61    1   29 
  17   21    9    5    4   60   13   61    1   29 
  17   21    9    5    4   60   13   61    1   29 
  17   21    9    5    4   60   13   61    1   29 
  17   21    9    5    4   60   13   61    1   29 
  17   21    9    5    4   60   13   61    1   29 
  21   17    9    5    4   60   13   61    1   29 
  21   17    9    5    4   60   13   61    1   29 
  21   17    9    5    4   60   13   61    1   29 
  21   17    9    5    4   60   13   61    1   29 
  21   17    9    5    4   60   13   61    1   29 
  21   17    9    5    4   60   13   61    1   29 
  21   17    9    5    4   60   13   61    1   29 
  21   17    9    5    4   60   13   61    1   29 
  21   17    9    5    4   60   13   61    1   29 
  21   17    9    5    4   60   13   61    1   29 
  21   17    9    5    4   60   13   61    1   29 
  21   17    9    5    4   60   13   61   29    1 
  21   17    9    5    4   60   13   61   29    1 
  21   17    9    5    4   60   13   61   29    1 
  21   17    9    5   60    4   13   61   29    1 
  21   17    9    5   60    4   13   61   29    1 
  21   17    9    5   60    4   13   61   29    1 
  21   17    9    5   60    4   13   61   29    1 
  21   17    9    5   60    4   65   13   61   29    1 
  21   17    9    5   60    4   65   13   61   29    1 
  21   17    9    5   60    4   65   13   61   29    1 
  21   17    9    5   60    4   65   13   61   29    1 
  21   17    9    5   60   65    4   13   61   29    1 
  21   17    9    5   60   65    4   13   61   29    1 
  21   17    9    5   65   60    4   13   61   29    1 
  21   17    9    5   65   60    4   13   61   29    1 
  21   17    9    5   65   60    4   13   61   29    1 
  21   17    9    5   65   60    4   13   61   29    1 
  21   17    9    5   65   60    4   13   61   29    1 
  17   21    9    5   65   60    4   13   61   29    1 
  21   17    9    5   65    4   60   13   61   29    1 
  21   17    9    5   65    4   60   13   61   29    1 
  21   17    9   65    5    4   60   13   61   29    1 
  21   17    9   65    5    4   60   61   13   29    1 
  21   17    9   65    5    4   60   61   13   29    1 
  21   17    9   65    5    4   60   61   13   29    1 
  21   17    9   65    5    4   60   61   13   29    1 
  21   17    9   65    5    4   60   61   13   29    1 
  21   17    9   65    5    4   60   61   13   29    1 
  21   17    9   65    5    4   60   13   61   29    1 
  21   17    9   65    5    4   60   13   61   29    1 
  21   17    9   65    5    4   60   13   61   29    1 
  21   17    9   65    5    4   60   13   61   29    1 
  21   17    9   65    5    4   60   61   13   29    1 
  21   17    9   65    5    4   60   61   13   29    1 
  21   17    9   65    5    4   60   61   13   29    1 
  21   17    9   65    5   60    4   61   13   29    1 
  21   17    9   65    5   60    4   61   13   29    1 
  21   17    9   65    5   60    4   61   13   29    1 
  21   17    9   65    5   60    4   61   13   29    1 
  21   17    9   65    5   60    4   61   13   29    1 
  21   17    9   65    5   60    4   61   13   29    1 
  21   17    9   65    5   60   61    4   13   29    1 
  21   17    9   65    5   60   61    4   13   29    1 
  21   17    9   65    5   60    4   61   13   29    1 
  21   17    9   65    5   60    4   61   13   29    1 
  21   17    9   65    5   60    4   61   13   29    1 
  21   17    9   65    5   60    4   61   13   29    1 
  21   17    9   65    5   60    4   61   13   29    1 
  21   17    9   65    5   60    4   61   13   29    1 
  21   17    9    5   65   60    4   61   13   29    1 
  21   17    9    5   65   60    4   13   61   29    1 
  21   17    9    5   65   60    4   13   61   29    1 
  21   17    9    5   65   60    4   13   61   29    1 
  21   17    9    5   65   60    4   13   61   29    1 
  21   17    9    5   65   60    4   13   61   29    1 
  21   17    9    5   65   60    4   13   61   29    1 
  21   17    9    5   65   60    4   13   61   29    1 
  21   17    9    5   65   60    4   13   61   29    1 
  21   17    9    5   65   60    4   61   13   29    1 
  21   17    9    5   65   60    4   61   13   29    1 
  21   17    9   65    5   60    4   61   13   29    1 
  21   17    9   65    5   60   61    4   13   29    1 
  21   17    9   65    5   60   61    4   13   29    1 
  21   17    9   65    5   60   61    4   13   29    1 
  21   17    9   65    5   60   61    4   13   29    1 
  21   17    9   65    5   60   61    4   13   29    1 
  21   17    9   65    5   60   61    4   13   29    1 
  21   17    9   65    5   60   61    4   13   29    1 
  21   17    9   65    5   60   61    4   13   29    1 
  21   17    9   65    5   60   61    4   13   29    1 
  21   17    9   65    5   60   61    4   13   29    1 
  21   17   65    9   60   61    4   13    5   29    1 
  21   17   65    9   60   61    4   13    5   29    1 
  21   17   65    9   60   61    4   13    5   29    1 
  21   17   65   60    9   61    4   13    5   29    1 
  21   17   65   60    9   61    4   13    5   29    1 
  21   17   65   60    9   61    4   13    5   29    1 
  21   17   65   60    9   61   13    4    5   29    1 
  21   17   65   60    9   61   13    4    5   29    1 
  21   17   65   60    9   61   13    4    5   29    1 
  21   17   65   60   61    9    4   13    5   29    1 
  21   17   65   60   61    9    4   13    5   29    1 
  21   17   65   61   60    9    4   13    5   29    1 
  21   17   65   61   60    9    4   13    5   29    1 
  21   17   65   61   60    9    4   13    5   29    1 
  21   17   65   61   60    9    4   13    5   29    1 
  21   17   65   61   60    9    4    5   13   29    1 
  21   17   65   61   60    9    4    5   13   29    1 
  21   17   65   61    9   60    4   13    5   29    1 
  21   17   65   61    9   60    4   13    5   29    1 
  21   17   65   61    9   60    4   13    5   29    1 
  21   17   65   61    9   60    4   13    5   29    1 
  21   17   65   61    9   60    4   13    5   29    1 
  21   17   65   61    9   60    4   13    5   29    1 
  21   17   65   61    9   60    4   13    5   29    1 
  21   17   65   61    9   60    4   13    5   29    1 
  21   17   65   61    9   60    4   13    5   29    1 
  21   17   65   61    9   60    4   13    5   29    1 
  21   17   65   61    9   60    4   13    5   29    1 
  21   17   65   61    9   60    4    5   13   29    1 
  21   17   65   61   60    9    4    5   13   29    1 
  21   17   65   61   60    9    4    5   13   29    1 
  21   17   65   61   60    9    4    5   29   13    1 
  21   17   65   61   60    9    4    5   29   13    1 
  21   17   65   61   60    9    4    5   29   13    1 
  21   17   65   61   60    9    4    5   13   29    1 
  21   17   65   61   60    9    4    5   29   13    1 
  21   17   65   61   60    4    9   29    5   13    1 
  21   17   65   61   60    4    9    5   29   13    1 
  21   17   65   61   60    4    9    5   29   13    1 
  21   17   65   61   60    4    9    5   29   13    1 
  21   17   65   61   60    4    9   29    5   13    1 
  21   17   65   61   60    4    9    5   29   13    1 
  21   17   65   61    4   60    9    5   29   13    1 
  21   17   65   61    4   60    9    5   29   13    1 
  21   17   65   61   60    4    9    5   29   13    1 
  21   17   65   61   60    4    9    5   29   13    1 
  21   17   65   61   60    4    9    5   29   13    1 
  21   17   65   61   60    4    9    5   29   13    1 
  21   17   65   61   60    4    9    5   29   13    1 
  21   17   65   61   60    4    9    5   29   13    1 
  21   17   65   61   60    4    9    5   29   13    1 
  21   17   65   61   60    4    9    5   29   13    1 
  21   17   65   61    4   60    9    5   29   13    1 
  21   17   65   61    4   60    9    5   29   13    1 
  21   17   65   61    4   60    9    5   29   13    1 
  21   17   65   61    4   60    9    5   29   13    1 
  21   17   65   61    4   60    9    5   29   13    1 
  21   17   65   61    4   60    9    5   29 
  21   17   65   61    4   60    9    5   29 
  21   17   65   61    4   60    9    5   29 
  21   17   65   61    4   60    9    5   13   29 
  21   17   65   61    4   60    9    5   13   29    1 
  21   17   65   61    4    9   60    5   13   29    1 
  21   17   65   61    4    9   60    5   13   29    1 
  21   17   65   61    4    9   60    5   13   29    1 
  21   17   65   61    4    9   60    5   13   29    1 
  21   17   65   61    4    9   60    5   13   29    1 
  21   17   65   61    4    9   60    5   13   29    1 
  21   17   65   61    4    9   60    5   13   29    1 
  21   17   65   61    4    9   60    5   13   29    1 
  21   17   65   61    4   60    9   13    5   29    1 
  21   17   65   61    4   60    9   13    5   29    1 
  21   17   65   61    4   60    9   13    5   29    1 
  21   17   65   61    4   60    9   13    5   29    1 
  21   17   65   61    4   60    9   13    5   29    1 
  21   17   65   61    4   60    9   13   29    5    1 
  21   17   65   61    4   60    9   13    5   29    1 
  21   17   65   61    4   60    9   13    5   29    1 
  21   17   65   61    4    9   60   13    5   29    1 
  21   17   65   61    4    9   60   13    5   29    1 
  21   17   65   61    4    9   60   13    5   29    1 
  21   17   65   61    4    9   60   13    5   29    1 
  21   17   65   61    4    9   60   13    5   29    1 
  21   17   65   61    4    9   60   13    5   29    1 
  21   17   65   61    4    9   60   13    5   29    1 
  21   17   65   61    4    9   60    5   13   29    1 
  21   17   65   61    4    9   60    5   13    1   29 
  21   17   65   61    4    9   60    5    1   13   29 
  21   69   17   65   61    4   68    9   72   73   60    5   13    1   29 
  21   17   69   65   61    4   68    9   72   73    5   60   13    1   29 
  21   17   69   65   61    4   68    9   72   73   60    5   13    1   29 
  21   17   69   65    4   61   68    9   72   73    5   60   13    1   29 
  21   17   69   65    4   61   68    9   72   73   60   13    5    1   29 
  21   69   17   65    4   61   68    9   72   73   13   60    5    1   29 
  21   69   17   65    4   61   68    9   72   73   13   60    5    1   29 
  69   21   17   65    4   61   68    9   72   73   13   60    5    1   29 
  69   21   17   65    4   61   68    9   72   73   13   60    5    1   29 
  69   21   17   65    4   61   68    9   72   73   60   13    5    1   29 
  69   21   17   65    4   61   68    9   72   73   60   13    5    1   29 
  69   21   17   65    4   61   68    9   72   73   60   13    5    1   29 
  69   21   17   65    4   61   68    9   72   73   60   13    5    1   29 
  69   17   21   65    4   61   68    9   72   73   60   13    5    1   29 
  69   17   21   65    4   61   68    9   72   73   60   13    5    1   29 
  69   17   21   65    4   61   68    9   72   73   60   13    5    1   29 
  69   17   21   65    4   61   68    9   72   73   60   13    5    1   29 
  17   21   65    4   61   68    9   72   73   60   13    5    1   29 
  17   21   65    4   61   68   72   73   60    1   29 
  17   21   65    4   61   68   72   73   60    1   29 
  21   17   65    4   61   68   72   73   60    1   29 
  17   65    4   61   68   72   73   60    1   29 
  17   65    4   61   68   72   73   60    1   29 
  17   65    4   61   68   73   72   60    1   29 
  17   65    4   61   68   73   72   60    1   29 
  17   65    4   61   68   73   72    1   60   29 
  17   65    4   61   68   73   72    1   60   29 
  17   65    4   61   68   73   72    1   60   29 
  17   65    4   61   68   73    1   72   60   29 
  17   65    4   61   68    1   73   72   60   29 
  17   65    4   61   68    1   73   72   60   29 
  17   65    4   61   68    1   73   72   60   29 
  17   65    4   61   68    1   72   73   29   60 
  17   65    4   61   68    1   72   73   29   60 
  17   65    4   61   68    1   72   73   29   60 
  17   65    4   61   68    1   72   73   29   60 
  17   65    4   61   68    1   72   73   29   60 
  17   65    4   61   68    1   29   72   73   60 
  17   65    4   61   68   29    1   72   73   60 
  17   65    4   61   68   29    1   72   73   60 
  17   65    4   61   29   68    1   72   73   60 
  17   65    4   61   29   68    1   72   73   60 
  17   65    4   61   29   68    1   72   73   60 
  17   65    4   61   29   68    1   72   73   60 
  17   65    4   61   68    1   29   72   73   60 
  17   65    4   61   29   68    1   72   73   60 
  17   65    4   61   29   68    1   72   73   60 
  17   65    4   61   29   68    1   72   73   60 
  17   65    4   61   29   68    1   72   73   60 
  17   65    4   61   29   68    1   72   73   60 
  17   65    4   61   29   68    1   72   73   60 
  17   65    4   61   29   68    1   72   73   60 
  17   65    4   61   29   68    1   72   73   60 
  17   65    4   61   29   68    1   72   73   60 
  17   65    4   61   29   68    1   72   73   60 
  17   65    4   61   29   68    1   72   73   60 
  17   65    4   61   29   68    1   72   73   60 
  17   65    4   61   29   68    1   72   73   60 
  17   65    4   61   29   68    1   72   73   60 
  17   65    4   61   29   68    1   72   73   60 
  17   65    4   61   29   68    1   72   73   60 
  17   65    4   61   29   68    1   72   73   60 
  17   65    4   61   29   68    1   72   73   60 
  17   65    4   61   29   68    1   72   73   60 
  17   65    4   61   29   68    1   72   73   60 
  17    4   65   61   29   68    1   73   72   60 
  17    4   65   61   29   68    1   72   73   60 
  17    4   65   61   29   68    1   73   72   60 
  17    4   65   61   29   68    1   73   72   60 
  17    4   65   61   29    1   68   73   72   60 
  17    4   65   61   29    1   68   73   72   60 
  17    4   65   61   29    1   68   73   72   60 
  17    4   65   61   29    1   68   72   73   60 
  17   65    4   61   29    1   68   72   73   60 
  17   65    4   61   29    1   68   72   73   60 
  17   65    4   61   29    1   68   72   73   60 
  17   65    4   61   29    1   68   72   73   60 
  17   65    4   61   29    1   68   72   73   60 
  17   65    4   61   29    1   68   72   73   60 
  17   65    4   61   29    1   68   72   73   60 
  17   65    4   61   29    1   68   72   73   60 
  17   65    4   61   29    1   68   72   73   60 
  17    4   65   61   29    1   68   73   72   60 
  17    4   65   61   29    1   68   72   73   60 
  17    4   65   61   29    1   68   73   72   60 
  17    4   65   61   29    1   68   73   72   60 
  17    4   65   61   29    1   68   72   73   60 
  17    4   65   61   29    1   68   73   72   60 
  17    4   65   61   29    1   68   72   73   60 
  17    4   65   61   29    1   68   72   73   60 
  17    4   65   61   29    1   68   72   73   60 
  17    4   65   61   29    1   68   72   73   60 
  17    4   65   61   29    1   68   72   73   60 
  17    4   65   61   29    1   68   73   72   60 
  17    4   65   61   29    1   68   73   72   60 
  17    4   65   61   29    1   68   73   72   60 
  17    4   65   61   29    1   68   73   72   60 
  17    4   65   61   29    1   68   73   72   60 
  17    4   65   61   29    1   68   73   72   60 
  17    4   65   61   29    1   68   73   72   60 
  17    4   65   61   29    1   68   73   72   60 
  17    4   65   61   29    1   68   73   72   60 
  17    4   65   61   29    1   68   73   72   60 
  17    4   65   61   29    1   68   73   72   60 
  17    4   65   61   29    1   68   73   72   60 
  17    4   65   61   29    1   68   73   72   60 
  17    4   65   61   29    1   68   73   72   60 
  17    4   65   61   29    1   68   73   72   60 
  17    4   65   61   29    1   68   73   72   60 
  17    4   29    1   68   73   72   60 
  17    4   29    1   68   73   72   60 
  17    4   29    1   68   73   72   60 
  17    4   65   61   29    1   68   73   72   60 
  17    4   65   61   29    1   68   73   72   60 
  17    4   65   61   29    1   68   73   72   60 
  17    4   65   61   29    1   68   73   72   60 
  17    4   65   61   29    1   68   73   72   60 
  17    4   65   61   29    1   68   73   72   60 
  17    4   65   61   29    1   68   73   72   60 
  17    4   65   61   29    1   68   73   72   60 
  17    4   65   61   29    1   68   73   72   60 
  17    4   65   61   29    1   68   73   72   60 
  17    4   65   61   29    1   68   73   72   60 
  17    4   65   61   29    1   68   73   72   60 
  17    4   65   61   29    1   68   73   72   60 
  17    4   65   61   29    1   68   73   72   60 
  17    4   65   61   29    1   68   73   72   60 
  17    4   65   61   29    1   68   73   72   60 
  17    4   65   61   29    1   68   73   72   60 
  17    4   65   61   29    1   68   73   72   60 
  17    4   65   61   29    1   68   73   72   60 
  17    4   65   61   29    1   68   73   72   60 
  17    4   65   61   29    1   68   73   72   60 
  17    4   65   61   29    1   68   73   72   60 
  17    4   65   61   29    1   68   73   72   60 
  17    4   65   61   29    1   68   73   72   60 
  17    4   65   61   29    1   68   73   72   60 
  17    4   65   61   29    1   68   73   72   60 
  17    4   65   61   29    1   68   73   72   60 
  17    4   65   61   29    1   68   73   72   60 
  17    4   65   61   29    1   68   73   72   60 
  17    4   65   61   29    1   68   73   72   60 
  17    4   65   61   29    1   68   73   72   60 
  17    4   65   61   29    1   68   73   72   60 
  17    4   29    1   68   73   72   60 
  17    4   29   68    1   73   72   60 
  17    4   29   68    1   73   72   60 
  17    4   29   68    1   73   72   60 
  17    4   29   68    1   73   72   60 
  17    4   29    1   68   73   72   60 
  17    4   29    1   68   73   72   60 
  17    4   29    1   68   73   72   60 
  17    4   29    1   68   73   72   60 
  17    4   29    1   68   73   72   60 
  17    4   29   68    1   73   72   60 
  17    4   29   68    1   73   72   60 
  17    4   29    1   68   73   72   60 
  17    4   29   68    1   73   72   60 
  17    4   29   68    1   73   72   60 
  17    4   29   68    1   73   72   60 
  17    4   29   68    1   73   72   60 
  17    4   29   68    1   73   72   60 
  17    4   29   68    1   73   72   60 
  17    4   29   68    1   73   72   60 
  17    4   29   68    1   73   72   60 
  17    4   29   68    1   73   72   60 
  17    4   29   68    1   73   72   60 
  17    4   29   68    1   73   72   60 
  17    4   29   68    1   73   72   60 
  17    4   29    1   68   73   72   60 
  17    4   29    1   68   73   72   60 
  17    4   29    1   68   73   72   60 
  17    4   29    1   68   73   72   60 
  17    4   29    1   68   73   72   60 
  17    4   29    1   68   73   72   60 
  17    4   29    1   68   73   72   60 
  17    4   29    1   68   73   72   60 
  17    4   29    1   68   73   72   60 
  17    4   29    1   68   73   72   60 
  17    4   29   68    1   73   72   60 
  17    4   29   68    1   73   72   60 
  17    4   29   68    1   73   72   60 
  17    4   29   68   73   72   60 
  17    4   29   68   73   72   60 
  17    4   29   68   73   72   60 
  17    4   29   68   73   72   60 
  17    4   29   68   73   72   60 
  17    4   29   68   73   72   60 
  17    4   29   68   73   72   60 
  17    4   29   68   73   72   60 
  17    4   29   68   73   72   60 
  17    4   29   68   73   72   60 
  17    4   29   68   73   72   60 
  17    4   29   68   73   72   60 
  17    4   29   68   73   72   60 
  17    4   29   68   73   72   60 
  17    4   29   68   73   72   60 
  17    4   29   68   73   72   60 
  17    4   29   68   73   72   60 
  17    4   29   68   73   72   60 
  17    4   29   68   73   72   60 
  17    4   29   68   73   72   60 
  17    4   29   68   73   72   60 
  17    4   29   68    1   73   72   60 
  17    4   29   68    1   73   72   60 
  17    4   29   68    1   73   72   60 
  17    4   29   68    1   73   72   60 
  17    4   29   68    1   73   72   60 
  17    4   29   68    1   73   72   60 
  17    4   29   68    1   73   72   60 
  17    4   29   68    1   73   72   60 
  17    4   29   68    1   73   72   60 
  17    4   29   68    1   73   72   60 
  17    4   29   68    1   73   72   60 
  17    4   29   68    1   73   72   60 
  17    4   29    1   68   73   72   60 
  17    4   29    1   68   73   72   60 
  17    4   29    1   68   73   72   60 
  17    4   29    1   68   73   72   60 
  17    4   29    1   68   73   72   60 
  17    4   29    1   68   73   72   60 
  17    4   29   68   73   72   60 
  17    4   29   68   73   72   60 
  17    4   29   68   73   72   60 
