  13   17    5   29    1   21    9    4   60 
  13   17    5   29   21    1    9    4   60 
  13   17    5   29   21    1    9    4   60 
  13   17    5   29   21    1    9    4   60 
  13   17    5   29   21    1    9    4   60 
  13   17    5   29   21    1    9    4   60 
  13   17    5   29   21    1    9    4   60 
  13   17    5   29   21    1    9    4   60 
  13   17    5   29    1   21    9    4   60 
  13   17    5   29   21    1    9    4   60 
  13   17    5   29   21    1    9    4   60 
  13   17   29    5   21    1    9    4   60 
  13   17   29    5   21    1    9    4   60 
  13   17   29    5   21    1    9    4   60 
  13   17   29    5   21    1    9    4   60 
  13   17   29    5   21    1    9    4   60 
  13   17   29    5   21    1    9    4   60 
  17   13   29   21    5    1    9    4   60 
  17   13   29   21    5    1    9    4   60 
  13   17   29   21    5    1    9    4   60 
  13   17   29    5   21    1    9    4   60 
  13   17   29    5   21    1    9    4   60 
  13   17   29   21    5    1    9    4   60 
  17   13   29   21    5    1    9    4   60 
  17   13   29   21    5    1    9    4   60 
  17   13   29   21    5    1    9    4   60 
  17   13   29   21    5    1    9    4   60 
  17   13   29   21    5    1    9    4   60 
  17   13   29   21    5    1    9    4   60 
  17   13   29   21    5    1    9    4   60 
  17   13    5   21   29    1    9    4   60 
  17   13    5   29   21    1    9    4   60 
  13   17    5   29   21    1    9    4   60 
  13   17    5   29   21    1    9    4   60 
  13   17    5   29   21    1    9    4   60 
  13   17    5   21   29    1    9    4   60 
  13   17    5   21   29    1    9    4   60 
  13   17   21    5   29    1    9    4   60 
  17   13   21    5   29    1    9    4   60 
  17   13   21   29    5    1    9    4   60 
  17   13   21   29    5    1    9    4   60 
  17   13   21   29    5    1    9    4   60 
  17   13   21   29    5    1    9    4   60 
  17   13   21   29    5    1    4    9   60 
  17   13   21    5   29    1    4    9   60 
  17   13   21    5   29    1    4    9   60 
  17   13   21   29    5    1    4    9   60 
  17   13   21   29    5    1    4    9   60 
  17   13   21   29    5    1    4    9   60 
  17   13   21   29    5    1    9    4   60 
  17   13   21   29    5    1    9    4   60 
  17   13   21    5   29    1    9    4   60 
  17   13   21   29    5    1    9    4   60 
  17   13   21   29    5    1    9    4   60 
  17   13   21   29    5    1    9    4   60 
  17   13   21   29    5    1    9    4   60 
  17   13   21   29    5    1    9    4   60 
  17   13   21   29    5    1    9    4   60 
  17   13   21   29    5    1    9    4   60 
  17   13   21   29    5    1    9    4   60 
  17   13   21   29    5    1    9    4   60 
  17   13   21   29    5    1    9    4   60 
  17   13   21   29    5    1    9    4   60 
  17   13   21   29    5    1    9    4   60 
  17   13   21   29    5    1    9    4   60 
  17   13   21   29    5    1    9    4   60 
  17   13   21   29    5    1    9   60    4 
  17   13   21   29    5    1    9   60    4 
  17   13   21   29    5    1   60    9    4 
  17   13   21   29    5    1   60    9    4 
  17   13   21   29    5    1   60    9    4 
  17   13   29   21    5    1   60    4    9 
  17   13   29   21    5    1   60    4    9 
  17   13   29   21    5    1   60    4    9 
  17   13   29   21    5    1   60    4    9 
  17   13   29   21    5    1   60    4    9 
  17   13   29   21    5    1   60    9    4 
  17   13   29   21    5    1   60    9    4 
  17   13   29   21    5    1   60    9    4 
  17   13   29   21    5    1   60    4    9 
  17   13   29   21    5    1   60    4    9 
  17   13   29   21    5    1   60    4    9 
  17   13   29   21    5    1   60    4    9 
  17   13   29   21    5    1   60    4    9 
  17   13   29   21    5    1   60    4    9 
  17   13   29   21    5    1   60    4    9 
  17   13   29   21    5    1   60    4    9 
  17   13   29   21    5    1   60    4    9 
  17   13   29   21    5    1   60    4    9 
  17   13   29   21    5    1   60    4    9 
  17   13   29   21    5    1   60    4    9 
  17   13   21   29    5    1   60    4    9 
  17   13   21   29    5    1   60    4    9 
  17   13   21   29    5    1   60    4    9 
  17   13   21   29    5    1   60    4    9 
  17   13   21   29    5    1   60    4    9 
  17   13   29   21    5    1   60    4    9 
  17   13   29   21    5    1   60    9    4 
  17   13   21   29    5    1   60    9    4 
  17   13   21   29    5    1   60    9    4 
  17   13   21   29    5    1    9   60    4 
  17   13   29   21    5    1    9   60    4 
  17   13   29   21    5    1   60    9    4 
  17   13   29   21    5    1   60    9    4 
  17   13   29   21    5    1   60    9    4 
  17   13   29   21    5    1   60    9    4 
  17   13   29   21    5    1   60    4    9 
  17   13   29   21    5    1   60    4    9 
  17   13   29   21    5    1   60    4    9 
  17   13   29   21    5    1   60    9    4 
  17   13   29   21    5    1   60    9    4 
  17   13   29   21    5    1   60    9    4 
  17   13   29   21    5    1   60    9    4 
  17   13   29   21    5    1   60    9    4 
  17   13   29    5   21   60    1    9    4 
  17   13   29    5   21    1   60    9    4 
  17   13   29    5   21    1   60    4    9 
  17   13   29    5   21    1   60    4    9 
  17   13   29   21    5    1   60    4    9 
  17   13   29    5   21   60    1    4    9 
  17   13   29    5   21    1   60    4    9 
  17   13   29    5   21   60    1    4    9 
  17   13   29   21    5    1   60    4    9 
  17   13   29   21    5    1   60    4    9 
  17   13   29   21    5    1   60    4    9 
  17   13   29   21    5    1   60    4    9 
  17   13   29    5   21    1   60    4    9 
  17   13   29    5   21    1   60    4    9 
  17   13   29   21    5    1   60    4    9 
  17   13   29   21    5    1   60    4    9 
  17   13   29   21    5    1   60    4    9 
  17   13   29   21    5    1   60    4    9 
  17   13   29   21    5    1   60    4    9 
  17   13   29   21    5    1   60    4    9 
  17   13   29   21    5    1   60    4    9 
  17   13   29   21    5    1   60    4    9 
  17   13   29   21    5    1   60    4    9 
  17   13   29   21    5    1   60    9    4 
  17   13   29   21    5    1   60    9    4 
  17   13   29   21    5    1   60    9    4 
  17   13   29   21    5    1   60    9    4 
  17   13   29   21    5    1   60    9    4 
  17   13   29   21    5    1   60    4    9 
  17   13   29   21    5    1   60    4    9 
  17   13   29   21    5    1   60    4    9 
  17   13   29   21    5   60    1    4    9 
  17   13   29   21    5   60    1    4    9 
  17   13   29   21    5   60    1    4    9 
  17   13   29   21    5   60    1    4    9 
  17   13   29   21    5   60    1    4    9 
  17   13   29   21    5   60    1    4    9 
  17   13   29   21    5   60    1    4    9 
  17   13   29   21    5   60    1    4    9 
  17   13   29   21    5   60    1    4    9 
  17   13   29   21    5   60    1    4    9 
  17   13   29   21    5   60    1    4    9 
  17   13   29   21    5   60    1    4    9 
  17   13   29   21    5   60    1    4    9 
  17   13   29   21    5   60    1    4    9 
  17   13   29   21    5   60    1    4    9 
  17   13   29   21    5   60    1    4    9 
  17   13   29   21    5   60    4    1    9 
  17   13   29   21    5   60    4    1    9 
  17   13   29   21    5   60    4    1    9 
  17   13   29   21    5   60    4    1    9 
  17   13   29   21    5   60    4    1    9 
  17   13   29   21   60    5    4    1    9 
  17   13   29   21    5   60    4    1    9 
  17   13   29   21    5   60    4    1    9 
  17   13   29   21    5   60    4    1    9 
  17   13   29   21   60    5    4    1    9 
  17   13   29   21   60    5    4    1    9 
  17   13   29   21   60    5    4    1    9 
  17   13   29   21   60    5    4    1    9 
  17   13   29   21   60    5    4    1    9 
  17   13   29   21   60    5    1    4    9 
  17   13   29   21   60    5    4    1    9 
  17   13   29   21    5   60    1    4    9 
  17   13   29   21    5   60    1    4    9 
  17   13   29   21    5   60    1    4    9 
  17   13   29   21    5   60    1    4    9 
  17   13   29   21    5   60    1    4    9 
  17   13   29   21    5   60    1    4    9 
  17   13   29   21    5   60    1    4    9 
  17   13   29   21    5   60    1    4    9 
  17   13   29   21    5   60    4    1    9 
  17   13   29   21   60    5    4    1    9 
  17   13   29   21   60    5    4    1    9 
  17   13   29   60   21    5    4    1    9 
  17   13   29   60   21    5    4    1    9 
  17   13   29   60    5   21    4    1    9 
  17   13   29   60   21    5    4    1    9 
  17   13   29   60    5   21    4    1    9 
  17   13   29   60    5   21    4    1    9 
  17   13   29   60   21    5    4    1    9 
  17   13   29   60    5   21    4    1    9 
  17   13   29   60   21    5    4    1    9 
  17   13   29   60   21    5    4    1    9 
  17   13   29   60   21    5    4    1    9 
  17   13   29   60   21    5    4    1    9 
  17   13   29   60   21    5    4    1    9 
  17   13   29   60    5   21    4    1    9 
  17   13   29   60   21    5    4    1    9 
  17   13   29   60   21    5    4    1    9 
  17   13   29   60   21    5    4    1    9 
  17   13   29   60   21    5    4    1    9 
  17   13   29   60    5   21    4    1    9 
  17   13   29   60    5   21    4    1    9 
  17   13   29   60    5   21    4    1    9 
  17   13   29   60   21    5    4    1    9 
  17   13   29   60    5   21    4    1    9 
  17   13   29   60    5   21    4    1    9 
  17   13   29   60    5   21    4    1    9 
  17   13   29   60   21    5    4    1    9 
  17   13   29   60   21    5    4    1    9 
  17   13   29   60   21    5    4    1    9 
  17   13   29   60   21    5    4    1    9 
  17   13   29   60   21    5    4    1    9 
  17   13   29   60   21    5    4    1    9 
  17   13   29   60   21    5    4    1    9 
  17   13   29   60   21    5    4    1    9 
  17   13   29   60   21    5    4    1    9 
  17   13   29   60   21    5    4    1    9 
  17   13   29   60   21    5    4    1    9 
  17   13   29   60   21    5    4    1    9 
  17   13   29   60   21    5    4    1    9 
  17   13   29   60   21    5    4    1    9 
  17   13   29   60   21    5    4    1    9 
  17   13   29   60   21    5    4    1    9 
  17   13   29   60   21    5    4    1    9 
  17   13   29   60   21    5    4    1    9 
  17   13   29   60   21    5    4    1    9 
  17   13   29   60   21    5    4    1    9 
  17   13   29   60   21    5    4    1    9 
  17   13   60   29   21    5    4    1    9 
  17   13   60   29   21    5    4    1    9 
  17   13   60   29   21    5    4    1    9 
  17   13   60   29   21    5    4    1    9 
  17   13   60   29   21    5    4    1    9 
  17   13   60   29   21    5    4    1    9 
  17   13   60   29   21    5    4    1    9 
  17   13   60   29   21    5    4    1    9 
  17   13   60   29   21    5    4    1    9 
  17   13   60   29   21    5    4    1    9 
  17   60   13   29   21    5    4    1    9 
  17   60   13   29   21    5    4    1    9 
  17   60   13   29   21    5    4    1    9 
  17   60   13   29   21    5    4    1    9 
  17   60   13   29   21    5    4    1    9 
  17   60   13   29   21    5    4    1    9 
  17   60   13   29   21    5    4    1    9 
  17   60   13   29   21    5    4    1    9 
  17   60   13   29   21    5    4    1    9 
  17   60   13   29   21    5    4    1    9 
  17   60   13   29   21    5    4    1    9 
  17   60   13   29   21    5    4    1    9 
  17   60   13   29   21    5    4    1    9 
  17   60   13   29   21    5    4    1    9 
  17   60   13   29   21    5    4    1    9 
  17   60   13   29   21    5    4    1    9 
  17   60   13   29   21    5    4    1    9 
  17   60   13   29   21    5    4    1    9 
  17   60   13   29   21    5    4    1    9 
  17   60   13   29   21    5    4    1    9 
  17   60   13   29   21    5    4    1    9 
  17   60   13   29   21    5    4    1    9 
  17   60   13   29   21    5    4    1    9 
  17   60   13   29   21    5    4    1    9 
  17   60   13   29   21    5    4    1    9 
  17   60   13   29   21    5    4    1    9 
  17   60   13   29   21    5    4    1    9 
  17   60   13   29   21    5    4    1    9 
  17   60   13   29   21    5    4    1    9 
  17   60   13   29   21    5    1    4    9 
  17   60   13   29   21    5    4    1    9 
  17   60   13   29   21    5    4    1    9 
